245269
962653
336031
531877
489449
306367
130621
257717
345701
916831
574813
365747
785341
391873
414083
396103
673459
598643
405011
190529
958369
800057
765781
722093
620033
785693
829537
611393
975941
761357
682733
716591
926867
699053
765587
314623
828013
804043
826129
118219
232643
651143
908893
900019
353201
828407
281509
802019
231827
203311
791993
379123
721043
247141
902771
532949
760423
203419
125221
955693
204821
538927
698977
689257
756331
250051
761443
163409
748717
336317
554843
877333
367049
594641
827423
749779
829723
172721
131113
490619
646159
176303
209221
617959
291013
357883
755759
257671
706267
443791
324991
826723
968939
109139
908821
925339
879583
197389
449243
210169
806503
619589
476219
419687
265781
992051
715423
165553
262147
549089
940913
879287
860507
407083
847657
900737
475973
459233
780613
805799
310721
808793
627083
834511
732211
272191
433123
806789
945211
501779
584849
227789
395719
183881
548543
900587
885041
858877
702179
929207
529007
689603
848269
509767
447637
187639
685759
526073
390083
632501
723209
153871
391031
821663
470489
178601
705631
216481
529421
539947
659317
108803
464591
585131
242329
615869
735239
849179
988021
266839
961531
300277
582793
644549
290839
654527
981077
451679
341293
281849
697271
207269
112289
458683
545929
799441
216233
261823
272383
376897
189697
950423
188633
279481
195241
289573
784957
211997
472261
262853
886177
154733
278123
788213
999763
151637
977239
799753
647011
143807
467587
519733
363731
872129
135511
752431
891377
949381
832493
898243
119759
551723
241183
881779
171481
820691
437587
347041
655331
664529
391217
278387
843907
875969
414707
168197
548263
694361
569839
177209
607303
425377
962903
894059
371737
115831
662797
518059
169523
793493
778759
199777
369469
784061