540517
253049
591259
863803
130211
859049
633799
700627
222361
568091
281737
881669
255329
924073
613267
827369
235117
934523
122719
954131
810871
358373
120647
311123
663959
489677
306239
613807
750353
742981
907723
548629
290669
671941
912971
386723
752993
605257
790241
641521
663937
972091
652373
553369
536017
651289
164953
513761
472273
205507
549937
517637
570527
418939
294869
421409
258233
214561
125201
741491
153529
629921
498583
392149
982099
387031
376577
900157
443147
835207
756127
567499
808441
354271
228127
975259
290399
195997
165707
444151
788561
395321
259657
455831
687299
633653
590627
713039
324431
543889
909463
381011
891391
561973
333479
177257
414653
633407
976823
911167
839351
171617
721051
646979
443413
309931
921379
488231
564703
669173
607667
101399
312331
379573
475991
431237
872761
214507
536801
999631
915221
795727
734879
926357
443389
367259
562421
785503
981221
733427
605531
718163
617333
612259
368029
709693
227393
828967
415627
910171
677177
366697
270001
784661
299681
273457
173309
646253
531911
879341
424841
975967
709981
833197
439601
672137
204679
184321
483097
270269
653267
201797
961507
117329
319499
772703
426469
135937
690533
572653
213847
893093
479419
825353
983119
405719
822113
431423
704299
221549
641833
825101
387493
238339
159833
155693
871021
335771
153557
613049
954307
228049
384193
420919
583997
335029
107773
671701
679691
870601
766453
488641
275939
369841
437501
511801
310439
284159
266177
386233
302711
370571
545711
812281
593531
565337
112657
855889
943157
878453
101681
519577
134263
624961
587677
144701
523519
387613
963253
424547
257953
698329
316769
798409
125243
956713
223243
217937
822163
673649
894281
570781
258101
375593
276907
624331
978511
523987
763307
613213
713501
365327
844631
150001