429259
275981
214783
239849
732493
666527
872107
184271
226463
923437
634757
754891
175663
333197
989353
526619
400471
546937
803857
857203
946717
688969
651293
237977
717463
995957
962509
962867
626627
574279
830777
141079
215681
742891
202393
119447
387743
219001
739847
292717
481067
140197
181729
566659
772459
392699
217781
684727
942853
776059
943429
294127
462149
155717
973003
531121
383759
795079
631013
284413
193799
209203
115811
556483
299029
509293
303731
619253
132169
932131
142211
364499
118747
203449
706547
911879
832631
664141
442997
944773
457333
351023
641863
207931
463457
193441
914369
541577
481469
950461
546943
526139
316903
982067
153749
394271
107251
360293
930323
629339
538411
107347
994093
316759
978149
898663
846499
355363
218839
882247
530773
952513
410413
162221
250543
394369
164279
423779
331889
259019
575579
105977
292837
249671
535999
132989
881311
553067
195883
181553
879031
562967
521539
176459
565381
429851
120997
898951
271057
332159
376529
990181
498739
698329
304849
787999
231893
709769
108821
371639
606311
910909
510031
961729
682819
799217
568787
599561
570463
218749
852197
878629
635689
951281
942013
284507
759301
523669
509633
843397
139943
372023
600877
404251
127819
362353
950009
953671
430979
167099
906329
473381
432389
691829
114941
170813
243227
928427
831371
118891
880223
314003
270553
872351
588277
665207
783599
139537
775939
370439
313741
857069
741001
240341
323359
844777
718901
120157
270223
219599
685367
536953
879259
999853
207769
238397
905599
651689
107927
993053
210019
262877
849721
134917
392767
186917
156823
931309
734171
824933
823621
374761
475831
923653
654233
536017
900751
947509
338027
907259
346669
135697
374839
738961
557519
559813
942433
742549
581407
532439
962911
105563
222151
805037