493710
781029
358050
696741
951673
312510
802944
789653
817956
165049
226221
223056
509111
381865
734278
521363
906881
243822
210600
395233
663652
476777
671390
368937
848134
663312
857873
139453
322778
908094
638771
510553
746150
472805
457988
591682
645393
126415
126268
693194
354985
917197
751033
440451
491236
873505
474619
243217
340223
704056
323974
365985
438721
407766
926290
707260
652967
383132
544255
571059
514208
445606
814477
669873
551873
126525
606793
534049
282103
283478
586259
579907
556109
804478
907052
402308
896181
144361
441878
612804
614141
996439
409284
818363
733822
649981
455228
277709
312310
404792
490861
955240
733728
602075
753348
679805
987685
872312
189963
781299
501347
155819
105207
281032
354749
213960
376187
328555
356323
154740
327477
687614
675444
358792
823426
213991
742289
455869
372988
690706
464079
622595
280489
148743
811583
569117
455342
665059
589043
610436
645992
298625
725245
799515
801023
936125
318161
878564
760815
781154
959646
652654
528822
590854
117802
441277
882960
396748
854191
904621
311236
624496
432571
648669
351556
505144
695533
313207
883014
362445
256548
735559
386433
521118
148699
677404
910433
478192
295923
667924
895339
354986
225991
118440
137584
342749
466182
489220
986500
631871
477227
135886
210246
271153
675140
543899
910348
452891
360294
166917
694670
841077
145549
721056
382965
832644
500544
707959
400153
991455
848243
823512
347761
134221
750852
835223
598123
193610
429078
402935
706861
326344
888783
854455
141676
825441
243312
869837
159763
741612
631055
789384
831909
984423
549059
455721
681440
727629
571276
548763
855804
669269
339777
435709
729217
988281
774219
690944
980630
840519
572809
102359
944666
731380
120173
104793
405172
143855
455111
279290
566973
301149
708766
123680
290114
867963
467222
713969
108770
577282
929197
898941
803921
776416
957052
975933
356088
750226
441623
503750
143649
326619
855808
150534
546531
731307
947274
763991
574350
130521
697499
957440
227677
291756
388183
456669
508182
486220
864844
788775
910066
543345
212652
261672
580204
501791
122298
917518
659120
565413
613962
556444
635869
387458
282737
982761
969923
763359
683924
746739
611207
222814
536914
236834
381510
962041
336118
531807
454922
950310
385547
236168
705928
458267
715751
660097
646495
749848
827281
592994
319024
992162
456838
312613
449255
122076
537686
430943
338630
735195
408881
862873
431226
167382
956395
938557
814294
869006
778913
251369
519717
567601
510322
262917
356315
136813
952131
902039
177306
817812
481425
900434
157994
589338
338329
548663
874821
461885
965596
338679
729271
704410
788213
295515
656722
976969
258766
766506
745722
383690
319289
567262
185975
639628
485225
998159
650098
641213
577187
453741
938811
622204
471150
535309
858198
759176
632241
857614
757340
979781
845954
459981
516303
111743
233216
770599
204163
811063
343962
115737
340507
984119
157458
725313
320993
458505
837700
379468
296595
865330
253011
988176
428476
592418
187361
373801
721168
904328
424953
542006
764984
195507
901274
620464
210467
152673
347570
863063
835604
951405
529132
180862
607911
271970
550746
880793
578747
275433
914134
688774
612082
283431
324950
858008
131902
625485
646501
874452
571165
313411
465159
716410
551813
405197
958854
159721
113923
914796
297666
539377
681629
801703
270716
449692
316232
649236
136971
340642
558095
130749
456077
333094
686227
730508
542116
458648
396976
315044
366824
426266
229374
311829
400995
900797
760884
327375
330371
260426
597752
746458
678834
242728
827430
200859
516571
479034
856028
244698
168677
838357
893007
920048
682017
414528
772709
941967
213528
984345
943458
648219
554217
877368
754529
332223
254932
967916
960851
618690
291140
473103
318083
536838
326009
334162
445190
864715
830578
601707
916441
647014
865782
501471
559431
789914
379228
805169
668896
880603
204132
109486
678187
667182
371182
158433
915297
911879
895100
973580
656571
318981
989769
470818
402445
740825
158760
405348
664604
718744
533331
428874
789713
221455
972789
706016
810244
758435
862150
666799
470337
682077
563116
814480
741819
834183
491763
229323
312473
739027
148532
945562
784938
501561
915824
535703
425549
650061
153471
901233
135406
417446
987624
433683
856565
121516
959451
395538
613229
574307
825266
152223
242785
315570
506203
593816
593451
532263
198505
103948
504126
434707
379171
792061
744073
849174
749153
223752
477149
946003
537199
627383
475792
200873
182231
822486
201131
900931
214080
218869
691934
841078
209614
293769
313067
565296
675235
891820
759392
546928
949440
985595
161695
874091
123539
938719
736842
370749
255270
126478
215803
422273
602642
890358
305457
308442
612353
374954
261188
494818
760786
957494
234259
514966
901238
520555
440371
717048
107048
765048
283013
595402
671035
550733
436760
854428
864462
658798
657661
689515
500271
732641
708933
886768
401305
197007
422432
427350
140494
324204
133078
149416
881652
564456
161825
627719
495128
784461
384636
694148
247235
182252
767346
913798
882639
777397
494151
900443
175894
918969
997214
693208
252915
673763
883680
315711
495146
347369
288649
605783
698733
245962
255497
788835
626119
602666
319948
955477
578725
883755
198129
613264
193340
342435
823790
124022
148143
395507
695702
101613
562912
587062
241974
886583
421964
687609
251459
806683
378668
485494
350793
857893
331249
755941
519230
736065
443469
742665
941026
147965
467382
493859
250428
311187
555688
798246
539741
341980
354789
862303
329401
472098
829561
871149
816921
905399
972081
110110
159490
471948
811823
795650
906872
140153
589240
989509
867447
198504
154838
643247
820349
998950
265661
358794
626899
415728
800880
864397
140150
300959
234660
373373
356285
912262
310539
234321
325063
465784
601759
643689
701278
269418
457273
659216
344865
705519
189828
756158
569640
958541
376432
795190
855524
391677
355593
663839
745061
630832
508044
790391
791140
583734
383132
269151
995182
829212
274313
959156
535882
796189
620195
781209
615468
665957
143077
562004
594536
567988
678984
801863
228360
838738
959842
161225
896569
118724
333009
574535
379676
584264
416594
558177
860068
415601
806095
259824
207032
276098
906906
439181
849171
744730
153794
713033
619875
930387
138613
664572
692050
907781
463641
187972
504760
414957
365028
463360
501263
242459
576728
239079
518165
693099
280665
388457
994094
293893
212067
391755
619194
874888
360552
569692
927916
637003
305347
148310
669884
204662
927165
532535
756572
384700
554217
471880
595553
171332
612107
895125
293635
423237
915842
773009
431856
644620
369821
308311
433979
388479
167449
260865
952352
425578
362068
429697
375541
143595
799841
608220
697456
461828
114434
113184
694407
337890
591675
705745
529180
597203
675532
308824
596883
265783
212008
606445
686549
164355
709041
910359
162696
465725
196556
194906
990586
533365
361695
199033
774356
697214
962501
236230
109353
573106
245148
121925
790887
167389
272383
509536
302257
492079
219414
107501
160001
636437
800647
834288
662537
733985
682256
197330
670698
399902
634701
957426
468103
137494
927383
904122
566924
292192
335735
525931
381087
628553
633497
740662
136220
265320
296327
136374
438774
842451
879855
815660
283419
449688
309878
946896
308830
175421
302539
475286
818374
909901
357323
619503
926974
697044
547009
886854
839786
588446
885544
733262
952300
158935
610657
148942
912126
465465
853604
930511
678362
560782
833988
495099
999071
570757
385474
289714
313267
549051
605168
312748
215008
482834
490501
756238
406672
593922
980839
300409
142254
236369
894318
526776
541733
395377
163528
877567
134702
553624
175373
898209
978888
880359
715952
122459
166113
361616
183967
842960
750439
764489
807504
435229
932659
420373
912398
112553
434734
488221
408864
649704
954067
618958
515056
194874
488449
441481
793652
566603
438244
223435
612776
330064
480424
182566
581615
361471
896779
109896
535426
325750
441123
408016
850384
196547
752198
311221
125026
970042
159079
182991
539045
296615
659949
991127
361883
255630
919810
500588
359096
531503
724802
815276
566229
422425
497793
579531
350221
823472
990575
903171
162463
165663
835107
171046
915270
364740
689717
880002
130445
252836
279892
772924
394937
659504
604699
730121
522775
699319
444054
339928
729270
562002
632860
293348
659709
693767
612076
139914
833412
302387
967241
551716
671593
391710
166516
946418
154477
276163
983156
581612
509548
499584
187571
497209
347566
340914
813210
848884
242919
810563
205257
288027
525077
209595
612886
914408
169941
333382
848118
979246
597134
246598
897670
526418
219570
652424
152132
287258
348561
734173
422411
121896
415515
464412
720841
378946
728583
673985
117240
866170
512239
828912
909253
908324
269735
144779
718843
556593
785863
881970
735470
104271
867044
991703
949464
788006
926231
517345
764159
190156
725149
908413
227505
749333
739153
596259
584849
140039
346584
453440
835673
462694
737864
529204
820080
585623
266941
767225
796498
784932
870062
221847
222725
703122
428235
320433
783891
237970
570488
539154
993626
776696
531619
424536
479921
749689
597165
939846
909602
402852
223188
539233
697626
945164
193350
631249
968667
691417
286575
339770
116854
254426
138183
722072
283710
840095
738253
393167
867485
359558
174611
306961
684636
834555
672182
816343
109454
568056
646402
131713
184737
112616
487896
589385
275663
502196
333050
160891
123070
452654
975764
158233
863118
451044
211154
109844
978221
414252
294711
611736
257462
557664
722731
965644
980351
434737
596667
816962
406428
464143
471102
218697
967206
817996
275941
817153
724033
662817
485137
415124
718980
964623
559956
925456
121710
765592
420702
133124
680056
713862
593134
598814
442416
165524
598070
853172
300013
149228
138530
267862
134869
512060
265209
718533
502081
235309
930622
834398
935398
569160
867288
417428
510736
488495
232385
180196
309054
133368
520347
309066
922976
748377
325111
451965
965792
752682
423314
578284
862522
725750
784009
231014
726188
508647
357318
417694
575441
364068
271033
990567
538330
347114
560472
673267
335313
305749
297180
223000
251781
392483
457547
373348
817090
790919
846685
252460
429758
898812
822399
486973
320051
288296
112699
353211
183998
945273
576779
844629
913229
105476
655660
917779
114995
338468
615481
446087
469531
499355
576416
484305
879030
723493
153118
514944
562915
236633
269350
667098
314675
923963
264634
870924
639607
624973
968060
886405
421280
523419
132404
232678
102800
757498
925607
388085
723096
184438
312733
843883
179340
799224
281627
517657
333884
849631
828723
348025
884544
555508
954713
532397
787322
327458
834495
612982
581232
324841
218758
923922
133198
602007
502566
170996
692468
167791
395767
727060
479105
978704
790328
168530
596700
345958
945765
122241
566024
515641
977594
966834
488235
479317
259460
722544
670629
182280
747756
593223
322188
484922
808487
628309
229262
251086
197273
442953
942969
849032
988152
777631
571222
225985
487588
844929
366568
338481
976499
354853
278060
315427
786837
935010
579678
576805
970677
787369
985719
489874
717133
316906
830383
101676
281954
441209
933377
831485
911927
901833
986705
196252
467975
562826
671511
386169
170051
391432
821075
118723
423375
887096
323192
948372
509451
293903
361336
388980
921839
365713
683958
817231
779221
832668
568403
816335
612066
232715
159712
628000
311550
782512
224625
158946
135319
559325
239999
280485
823882
615470
180946
549139
308263
669448
196345
478375
976807
495687
239478
446953
817437
520734
219573
609651
970426
646047
566787
165881
121345
890112
207739
914662
440154
434858
630422
164862
304121
990129
933003
712327
783206
939972
460583
124362
569974
575784
529237
677367
241364
529472
402768
543666
443294
895215
677272
963643
731156
532648
792174
703834
693313
636090
784846
509569
189494
228168
841644
677306
527397
919732
927767
733589
441440
268960
766316
317382
773753
218345
478261
865455
753865
179828
214836
674700
404203
396442
629290
358632
857288
258953
612639
522725
884277
652884
923616
567586
696089
238533
748392
199819
559106
636878
285684
806793
907778
393974
696832
624285
918929
587532
873521
965468
284069
311260
745232
538011
587881
684496
407551
563209
653913
223897
297438
867306
281698
437618
188594
336831
292316
879870
958241
356178
596577
176750
221544
598533
760299
717604
584104
788617
259050
262365
825864
535286
218270
823131
648794
455681
455149
690956
591657
212676
537255
151406
180175
522392
250748
676468
899831
130351
401723
399276
830022
612417
295959
842736
731225
390500
692864
148002
434901
700219
272200
868433
317583
861581
377536
333086
383147
496521
297306
216348
243872
875504
894033
136211
752013
762819
843871
138784
696019
813085
461901
771602
794033
326232
296929
347326
216715
984130
413167
446098
224982
683378
105584
379454
937030
353635
242452
469280
759625
756649
714221
416691
144798
146492
367613
591279
586463
414449
636827
913538
314782
766917
331924
318890
110323
997918
190166
825070
797466
525951
858813
970479
324701
924509
145849
964488
391421
593896
493197
134577
899893
568768
559897
990508
341497
586410
793541
484222
244787
255363
469864
526329
350316
282322
236867
634062
705472
152792
118311
541083
238010
895557
939346
282483
208910
741949
748868
229164
742504
889519
581264
843752
223479
251586
657817
955662
610235
628689
561401
502768
790256
831903
670534
553576
526619
951899
431641
813414
834985
696333
157040
767004
393174
652152
160263
203353
789157
542343
235883
104079
876595
994270
393218
406266
571037
554863
201535
956453
276887
641927
953557
949526
704553
287832
293286
440934
893861
986201
525691
337164
462186
647517
306217
241413
298867
448936
527334
195261
521727
986144
289225
741111
423952
307721
931704
513495
276748
821288
862637
752940
458537
505015
548795
873613
397114
107729
241241
389490
956037
924419
740425
327230
359259
409780
104956
101284
971477
318882
276615
651472
643180
168452
121198
588857
981636
252156
170727
385048
622523
115689
723679
948016
782833
135420
917030
129142
655795
901464
315976
178284
320324
227071
712452
397242
206956
836740
441779
616237
546376
500770
920079
773024
698081
351325
924594
826773
999700
747762
250955
442676
942118
546668
604571
403178
420569
835701
498500
676683
840879
257025
672107
602296
985249
959749
501747
442327
534236
110935
707059
691952
976505
416329
382206
759491
232393
521361
316277
662528
954257
732354
992858
371588
948849
182193
574221
775583
399769
969191
475781
755895
975690
788254
290326
807058
680850
149415
857590
365332
193416
263652
384218
199809
313062
110237
297214
501518
323072
235363
671636
231992
281742
645782
181210
332758
639063
392298
344713
150439
885206
904349
711419
470620
565526
259800
763411
730571
482814
377666
718636
517036
584521
568762
366760
991000
979964
806190
845974
234608
940279
890309
392290
820685
726688
843923
295234
472234
377188
175162
208911
708612
989776
722150
908282
127003
545433
934645
832506
638231
121491
323085
259153
474238
331476
139998
968605
621173
884818
776555
697842
594949
830700
687250
929455
596773
515757
467320
197983
474714
655671
880643
354008
640040
210535
935344
792507
740159
935346
745048
618040
784542
608998
143171
163605
883713
217071
158835
204108
788839
455790
414006
182011
903063
880166
999941
332810
811560
884003
708186
294828
604524
838563
569735
769485
871431
126907
925796
566892
970908
409745
598498
625036
500554
712260
944812
909205
115107
886843
199785
420563
691031
817905
240129
153049
631936
662132
458632
209138
410923
628603
920111
579478
232012
198461
384373
158082
911404
318886
300327
951371
224968
687561
638166
339475
872536
967645
864962
213190
473933
345733
346973
202442
651909
622538
574811
791460
550258
833234
831438
745635
523060
745679
717022
816102
650824
722626
612934
267985
764072
516434
449124
587397
463423
220627
670993
912894
465136
258185
841924
114529
887617
611173
506950
914522
831445
978816
124928
864875
865799
170234
799477
176806
695978
510022
630707
429050
729274
807119
262198
234739
415073
730544
464306
629681
837610
269078
948428
564231
983639
194513
291012
579857
315102
270218
923288
136835
539043
346802
141649
768067
684212
311875
531310
847603
471322
147821
113268
617243
316719
480935
750767
475803
500144
302274
776594
198714
690505
429346
432275
621742
633331
818305
484614
423788
640594
836156
708088
309958
318078
595640
133328
749789
671423
506541
151229
755123
112487
453559
119633
821451
291644
793863
183550
657533
149657
487649
152538
754120
202156
633710
692570
481905
195854
774689
866936
100024
642700
277295
828430
636738
530964
475720
443192
963279
807438
251874
224632
269846
680218
489001
127498
760713
417806
259382
501541
399699
356774
206245
507550
955176
538315
866593
307166
732172
140899
111619
236869
549957
717223
857819
454499
228529
723108
651399
548727
325583
829280
216322
462910
413522
716397
322894
308294
247332
402682
460999
962753
589283
445272
267179
138628
689826
555581
394304
111490
135278
727807
456337
290055
868479
733436
998359
922013
418029
548714
801338
904852
894694
149944
866336
557253
307382
722624
340082
149327
474688
146167
696090
378093
267979
723692
632791
282131
464705
718474
112968
571577
608401
538959
785155
191236
303081
783093
461849
498050
372571
649699
472128
776260
919032
547016
789971
627593
725922
936883
625683
166049
251138
375746
574203
440880
454705
388738
135421
133908
993014
966941
470773
543983
193352
911018
995351
864937
965536
617490
500277
546028
879686
112045
415417
806444
842405
308459
798891
740524
524130
794552
264673
779227
434430
742809
798751
797859
919524
849659
227070
845369
868643
556650
408678
705411
236955
892297
642730
757488
940184
616623
102234
127351
388834
837868
721865
606204
651301
200114
689083
715883
899172
394304
850598
771977
595993
866628
340989
176392
608956
783048
554498
560315
142341
878668
116148
766845
814572
460734
268691
146787
936706
784731
249160
211706
157257
545955
817391
438010
917927
502614
716369
537298
902685
436078
620887
651187
555086
730116
332341
823286
828671
214687
801439
203616
350828
807959
261905
725073
493031
184920
617469
339529
836817
166697
762929
409575
263460
255132
333791
155956
976769
903502
487744
581976
525812
385550
936333
280970
226607
365590
526007
192297
385933
693195
490064
786353
168363
993203
180255
548801
787865
365835
869240
347910
459258
684936
848255
792439
674417
519693
909309
671042
874239
802849
224309
526643
905764
324751
770021
259577
427925
715474
222096
302271
474927
748810
750987
848785
721488
973720
357644
607285
331015
971564
936448
516266
249691
778403
518253
371510
902196
239572
970371
729914
711343
463254
439534
137126
469254
402748
519119
805110
952982
704086
958182
717280
670637
616146
367353
309640
621980
803018
143482
339713
705812
336321
958326
274522
159290
491007
328804
310357
471474
938233
853352
563383
206368
533940
571784
183583
741773
760176
889666
365390
802776
249044
883661
886824
297846
842184
714710
153999
984020
749359
112156
439117
699195
709912
105026
958299
650567
579861
298583
361434
507799
664762
344358
973043
386893
442827
249953
160819
537252
724565
615195
390758
452445
737853
129823
853736
695209
186887
999990
476119
412353
174208
122869
320378
697179
236758
224008
534140
773235
253121
837195
887618
358808
424169
628465
604663
391389
918563
759408
219089
609681
261784
871062
109047
470057
340260
843061
221133
244595
293623
283745
540968
725123
876533
813809
161505
438081
579811
362640
504098
608819
177791
815443
772765
942969
799757
620662
348515
634928
818661
847474
888988
548216
648483
817399
300994
435055
571012
106633
768173
818253
659330
212562
608321
884642
993390
940640
721052
476262
779341
517751
305765
286928
515122
840168
783351
949304
614010
161159
601426
688211
846323
500707
782856
408270
129179
759899
756290
352847
493662
676842
822634
757610
672104
833256
942494
366691
652408
180141
914286
356288
211796
482869
912554
599425
800714
695520
212297
191387
560840
115778
311188
573239
997188
347957
730812
594141
960570
148167
954528
793497
330483
438309
398844
481400
514079
154316
680911
739248
479038
640498
912297
315115
283567
850823
328857
183915
845063
164677
867516
620936
702421
330666
491846
777508
769960
695785
715587
541117
800947
432112
128065
550849
728438
716915
478564
288418
485498
410644
675591
448941
403828
169329
438920
202841
706764
841204
327757
282161
917029
286595
910652
167622
977901
218317
655261
284614
488055
896733
289150
809199
358434
977563
138768
104712
728648
408456
992399
459820
463727
878637
123190
786138
142018
267003
435248
424904
526163
592384
434286
446266
808027
701455
130780
343427
882424
156718
384603
910995
956400
636050
680062
540976
106471
630772
165359
390586
399672
306243
574185
667381
508070
410220
350641
452936
959725
597561
501143
955131
101880
108572
547186
446908
393771
309004
982378
689267
803233
334011
332848
370534
567511
591211
764678
960792
438276
503959
888773
522724
574486
985921
212870
191629
471726
473781
681526
512676
370865
454049
836531
646969
912624
606919
698617
169000
974430
611878
581219
295514
517395
652911
584264
647807
960069
355645
534203
658182
873090
245235
868241
964679
667379
276073
908283
297625
388424
119227
782705
151334
773140
798919
218190
553220
846932
815861
848098
137192
159164
829207
957210
375615
703262
534555
384099
451109
607584
138847
902976
963677
519127
823885
953583
484310
539497
168551
245618
799213
773965
662912
257670
364856
941477
134868
551568
367997
460505
337573
308392
182084
756461
939386
402793
496017
120388
658349
247017
714593
145289
515351
596313
165158
671083
789436
325836
859634
457972
859804
856771
175150
139822
497158
927790
227948
352236
841889
224733
607311
598785
349785
384371
863218
352063
358237
727238
302935
790800
555132
824818
638118
339481
754958
672578
701296
939914
262005
477899
257694
299018
678757
731424
801140
925391
559912
163836
161688
574594
119798
222166
516158
905887
451244
398033
309135
916598
499795
109662
503591
878324
984182
477817
625125
846006
229933
669669
431982
812853
306138
332885
351052
146533
887975
646490
163131
295126
921636
984455
558423
962026
332066
282253
803884
159947
432811
123777
152201
778530
899863
833483
917667
970761
715139
380040
931806
188048
371326
959176
160862
836759
522386
307211
709763
755770
945918
522784
519716
492600
574325
227083
946365
612975
917404
295472
553929
137729
127613
566513
829951
812868
262147
621557
670055
167388
694433
420807
457812
618718
816953
897462
374794
764474
233290
816845
869600
675519
661387
647805
348517
274657
149953
820998
456442
607526
204377
175027
356707
933326
619017
891200
966533
194649
643497
944285
442262
203377
624555
205177
780871
515595
733075
225125
260478
633058
914949
685602
930825
827219
755763
760383
207942
759540
234511
571951
947721
866627
276148
366126
194457
535694
285070
285304
106216
153629
152651
503069
362209
183719
696365
941337
298934
927445
789450
478421
203384
727593
908867
657966
594643
128622
650042
897769
998784
638899
307077
778469
552843
977278
330972
545830
515547
748458
337950
259984
712342
294168
476852
872144
448353
380280
336955
888018
833090
967815
646301
457440
744264
385919
271587
937954
979350
519925
652910
649490
544259
459789
919555
856367
840297
612066
228990
449085
745573
872534
472126
922015
252519
285799
833896
195987
104349
918283
610845
915231
677864
207010
531043
121342
635191
991095
571456
883750
554537
208923
950096
737289
346567
768480
850634
300661
825629
685944
266762
760599
971861
262439
466731
231704
249508
662328
216400
692968
569942
149522
882106
379256
411248
820451
958055
204524
658143
281475
820501
470650
658023
474335
597206
554765
538206
881699
185164
780667
443393
766149
941102
678447
436159
309413
721369
291675
501364
687460
158349
771054
752990
584210
465656
280305
188152
121902
811918
468698
601291
538175
170906
900550
601184
526059
908919
964320
989860
200514
473405
559810
215835
919234
157765
982724
474065
718521
699955
641973
800515
192914
482860
615030
590409
204830
522839
489796
914351
771825
591915
476049
176133
157484
448579
339966
838522
252859
583583
219592
763903
733845
476778
833981
583167
339444
606118
591436
535272
633120
601260
286866
813613
125519
603997
395194
668392
297921
180890
640972
697779
662503
412145
311500
798572
410922
844648
215079
164418
252640
104102
662706
721622
633437
262236
529395
513779
142813
429419
625530
412773
207152
567920
898481
906484
739252
589986
397055
768783
539771
667943
865585
841424
753983
738150
326250
197791
214957
312388
692368
592416
604141
641318
544816
264315
361884
429587
290843
149361
175058
447323
473100
634967
851111
783269
313233
336261
211407
672936
182558
348998
573226
490854
439893
152238
581129
346013
484591
915752
887007
557237
591159
162920
786601
696529
903287
926665
519893
426594
486609
583652
776830
196342
562840
627671
199480
292592
482656
742761
516375
367878
771506
909903
184141
690052
322328
884226
536954
366026
676102
264917
982261
349736
293425
570514
723514
510253
788549
408091
467553
756229
509784
205868
355809
593700
377876
306838
646800
283581
176037
630069
925612
109597
553964
949508
928080
733302
816995
181125
329866
505618
596579
861772
729001
326414
695731
231116
324848
721408
794444
280165
982202
877704
496760
122683
758044
159459
979098
821899
189148
303462
114347
262432
409401
554191
377710
567965
969008
759257
942560
853823
266464
750452
137585
691834
232886
315535
982325
538738
926336
762269
736372
941640
753550
122887
620405
109598
199715
859068
802279
343114
201563
808577
839174
585374
389316
258592
652619
883987
692663
821763
198540
471777
132660
692350
968213
993429
168010
358283
718295
181891
179083
462621
518295
274722
297490
971298
590898
494501
738730
422813
320909
116053
607849
278009
344804
894058
563414
806891
354154
163818
102361
334752
501363
987074
945481
263277
660083
778438
957571
538827
703770
922623
114543
192847
218326
333679
464604
479155
308835
791963
755436
598060
849927
950292
840820
449675
791834
204221
153662
490720
520030
247785
468630
687907
697150
895604
116296
992981
868403
744711
606844
595992
131138
442710
646233
988911
777176
753822
216186
632192
204269
133585
720406
313507
683210
202386
344383
617716
402839
590675
208105
261883
455293
542023
676912
931910
128659
629691
765738
555754
610693
209565
502565
964576
368464
893807
569923
502557
286069
147310
679728
745549
707270
194010
127244
891982
684221
560692
315401
786300
594079
245204
264305
113043
670145
806088
616415
706985
713172
792732
792663
459316
817462
826231
881816
263460
883655
609314
716914
157088
186990
213214
432040
855796
246720
139264
647035
509285
133729
882080
595846
532923
953017
316595
434070
695227
488604
330160
861803
996958
606203
826433
359237
521934
654798
715894
324739
473047
438430
821651
965811
185209
660725
698967
482306
648365
821919
657329
331493
964391
185220
425681
188797
625177
584221
892136
505194
410380
540380
581222
864415
650731
782523
634568
734322
860516
992073
352959
845116
666901
459154
697201
770859
392216
543885
694949
826104
515295
579750
722613
761526
721337
427096
112434
785640
161258
527825
215424
268177
783662
499696
152586
279544
393150
271516
768329
448519
899088
305292
746859
776362
360347
972448
481594
639821
607533
483749
432383
234433
881279
721477
468715
405868
823930
497601
595254
808017
232994
703297
786582
854378
217547
458935
877311
666648
753954
729572
944433
665368
254717
567755
277203
690730
309509
746396
403917
343689
477889
209010
174704
141332
405002
240960
312739
431100
231674
821779
946467
647187
913386
111588
991561
986517
376919
530473
948320
405244
134106
914594
854621
653909
728676
710765
275475
607826
362130
553807
579329
924134
446219
451828
847937
105560
965466
510361
541009
194782
529555
667755
741645
199920
351114
949878
155787
188638
358429
741356
553689
869219
307061
891588
127643
998906
534403
321081
170143
887445
209364
487492
823453
569266
383917
503003
953557
281400
812813
812640
265636
528177
114169
244767
208807
474988
822629
883480
175898
904145
143810
317258
594822
788362
197339
240581
602145
490502
225682
312541
972384
558347
195628
881089
846010
545034
194095
557502
688431
925611
435958
239895
200040
132500
469256
114705
597558
241760
668619
280433
785288
816579
775437
174666
968184
855159
113748
449706
745602
376608
378005
892551
128063
592155
745656
610430
712690
693792
880437
768653
114240
390352
231954
503888
578112
950567
942569
653432
214564
148387
466338
318438
253598
868193
816443
933044
403402
610563
368295
415885
101779
310337
356491
550913
844997
145001
822196
934953
496381
486279
762755
410944
832404
190971
889376
216412
561920
740606
656001
486430
385090
753307
156583
164259
913067
874364
799568
651185
334580
638960
567472
213877
667592
660760
428277
598177
411131
217437
782446
910630
641155
972421
307667
771293
992255
801220
307530
199698
463656
611013
514571
261714
396553
179050
918157
483175
178158
837351
472347
355037
386123
662861
727690
592106
183363
245557
372628
425841
276674
670262
317188
279393
394552
585043
568560
298609
732571
315052
347748
767161
850152
432658
982264
792505
663920
603357
744429
300172
660683
597565
393899
757600
447953
402801
217894
213674
536323
840052
104212
555683
881207
397804
213761
946112
721234
375577
727002
785303
962460
198498
103882
252634
742948
767411
205850
816525
867061
619467
921651
164061
248139
829739
587362
939412
209400
196263
184276
649285
200777
145134
789572
442800
317824
959582
827924
167392
655073
177618
291213
934491
274137
967561
496934
326121
198348
638217
914193
767506
314001
314942
785987
403092
407102
350997
721876
576769
355309
185244
746210
542194
544544
641398
796194
451607
275206
797488
688301
471160
927940
705573
149347
719363
371815
981023
608807
971981
679656
189543
971063
166920
774919
498003
856665
433748
389459
959755
181438
848099
946682
487528
376690
814630
281126
395649
318063
244434
863598
273521
789394
775021
526267
176004
493520
502152
205325
192452
537967
877129
844081
120449
500294
412546
113348
195988
959060
758768
366657
814233
691082
105721
833401
551903
154444
816713
443977
698835
882272
845874
228887
105107
273140
399532
130882
615739
268533
623119
621973
162375
373327
618012
981872
649452
287230
591087
912272
610242
398386
798872
606505
719753
540716
524821
517852
563815
558770
189188
411361
211787
988061
210014
230409
752817
560504
257120
962699
544783
459600
118685
637845
800100
328611
371303
210223
194528
916630
790362
988350
935090
558516
850646
963736
620423
110261
714726
188591
667629
153868
846846
354647
765665
858436
530226
289751
447366
841319
390183
329541
137498
416076
538174
221403
615237
645347
219638
335870
131079
974284
117057
906745
544762
758284
366245
478393
750244
902749
511713
146552
317152
404623
478969
521009
627912
708817
387728
497816
917322
433604
676768
896742
257621
156945
130676
934676
536006
488879
274978
557600
936374
571199
356393
392538
218231
855397
424943
966696
737106
374541
963560
823623
107523
376994
928703
483330
968043
215154
579211
742214
627274
100128
591625
319775
220309
202972
267164
101934
162587
733714
727085
344297
278688
126055
462467
943868
231362
623475
332680
661128
939891
668719
941045
327441
475532
347419
919295
274533
908936
306597
560800
105153
318098
323985
980095
753555
449286
945075
639512
363312
743686
941759
822238
858663
800649
456963
436326
311245
548975
414490
427598
507223
232809
237182
432709
994860
672063
293373
753839
202278
910869
424289
118982
638071
438602
479753
156440
414347
515804
600846
265387
873058
609472
546042
564209
395105
554216
649063
991778
984751
543795
465118
439032
875133
903538
426111
927918
478689
671726
123620
724332
523808
186143
168952
588246
711949
646517
635464
167831
408203
167264
707115
366867
107062
972456
993955
647476
182346
243775
940516
625736
744750
974134
193422
978607
269440
351322
348620
185005
991611
369992
838989
466171
260819
702299
378570
263015
885509
815125
891889
406041
304476
168549
996063
610811
491768
984519
652375
857904
457002
340445
666382
396535
366451
141588
716716
204032
459202
131885
214195
727470
144339
589351
695263
985796
894334
708015
383365
291811
888984
864774
575460
650639
321686
825935
447470
556168
335694
197680
317051
789006
188171
901553
878994
104540
338885
489566
860771
801728
609737
457412
228481
711665
431049
552069
978247
175308
699379
739537
435422
860689
419516
924793
394382
735758
699773
614931
893598
416949
872376
712139
990636
967444
528391
697724
308297
922759
513701
400356
100488
625049
816493
733006
646430
138940
301317
841871
361108
812977
966027
879072
546353
587024
189405
859420
492703
607999
719977
357240
173519
433704
256269
530012
869815
338572
838562
880699
489414
132668
949830
259256
428317
197901
218363
178360
286495
994127
784354
496155
532705
961521
103641
509816
393453
440028
308605
798028
139867
842847
718661
382544
791315
732634
113676
741625
959514
942513
614844
988444
701566
954568
224419
932972
870552
404785
665687
726704
646029
804577
901196
493127
481743
107522
784246
451021
902356
790024
105488
526965
178562
343224
319183
936621
593186
204406
980904
855806
325744
545172
768564
174030
397611
227079
367903
544327
684350
949487
765932
970487
923429
452250
665022
202028
435368
559984
724648
476297
496205
346459
191047
474581
485722
452345
970530
878365
804613
459386
786731
224507
774960
315597
325311
227044
608828
492089
715841
116374
912319
346137
101190
851758
535525
399758
818371
788037
602092
706354
805579
643962
332000
982722
814051
348834
549342
566257
894175
272220
664190
838694
879596
713047
242056
624481
415033
638348
873577
361031
585267
102696
684919
808559
235974
514445
372292
762003
845032
747204
191022
271221
548069
313570
511533
860073
479545
265469
172037
640013
251823
321174
603382
285154
499771
333452
384237
926759
290346
540765
950062
798943
610679
609104
841356
739084
445116
981283
966494
354170
163475
923824
637063
457242
878396
271867
278621
840445
182416
487437
622194
532474
788399
489634
388851
262336
539200
902894
473144
501338
532856
130189
416364
285694
373401
384125
930644
471038
453036
478696
815393
535367
566537
553836
190686
203770
457187
281476
381710
354239
422289
405537
565548
741341
675912
635159
727666
736009
123572
148280
397887
322588
184282
914242
837441
298577
187637
345430
861837
368388
121318
934194
506878
512813
182425
384988
575852
816574
882904
265123
274124
396964
816516
431189
581177
115199
538163
271515
243802
877356
422242
903192
214634
125013
319504
703531
109238
942784
491098
821726
636928
405401
598379
356760
235850
768420
565862
395775
776439
143636
413869
718809
598681
574896
541761
923489
857473
902772
642355
514958
448236
700234
866646
449801
902313
966583
344332
930815
344074
126438
593172
161369
640969
516849
181446
309479
828237
508814
403659
559392
608115
638682
737309
765263
227309
496051
899142
293351
457763
592579
464819
151812
282182
800112
430364
969573
535028
251557
333375
910188
479197
545890
534820
298313
546223
286466
879844
335759
247453
514098
985289
811985
905680
613875
932750
373080
356820
755188
575772
752524
444068
608489
194315
592810
879087
106013
256942
667503
308401
199773
834685
500395
769033
710673
271795
225622
930724
209171
196926
613376
215153
235034
584587
763431
497804
621543
539347
867476
989710
565465
884069
271923
310034
834237
119920
610587
421473
756120
940233
772929
712409
923122
738085
177083
822246
662553
587431
856090
483271
409775
452658
734789
246162
886939
499239
262853
235022
617407
865693
527872
231365
603845
152021
126881
608387
159867
898753
248348
715330
817079
129366
346213
903013
125269
836367
141438
866512
614999
363287
154491
174621
360697
345879
644684
348714
994440
460559
652182
219309
609027
193369
143679
534124
100287
676684
769638
900415
994863
906171
836065
488183
645227
723470
893532
602924
654579
700024
468730
557058
867635
356100
755476
639950
273918
325041
661575
163271
454278
378532
393981
286326
586077
909672
432557
139360
989524
752153
720706
417225
524597
556020
786208
231995
898411
715035
926454
497162
936650
556615
281172
839493
434204
695161
271831
275472
176478
954637
500901
453535
680221
877708
823641
387585
851356
113466
631627
238235
110607
735062
262376
955805
754499
233081
949535
887508
783781
538716
681158
365217
676138
997675
124521
817301
966093
264705
846931
800506
499380
623869
394388
522016
411020
636828
142513
909429
768944
121736
257039
853664
468866
581623
260151
643838
472879
852566
973747
236665
446823
624074
161154
424364
843843
214456
390080
457424
911505
371288
780581
339989
775122
241828
525579
955252
122178
530596
345555
178265
911864
875754
991064
376893
592888
207771
550915
598859
854129
711226
767236
162606
143359
461071
801680
774191
373743
191995
841163
832169
647766
133663
939545
424007
509252
296822
196893
206489
619329
527554
689680
597109
127935
658920
700191
114477
538543
492194
986008
901866
260875
581482
652855
450891
702768
780407
125914
155039
312550
311565
101126
851423
618310
211704
940296
854183
639016
349486
552279
686006
725128
874868
613611
219769
518842
340160
370964
172264
918642
181460
720923
495232
128820
739788
107946
804611
962689
832412
407908
276513
113371
298836
562349
561711
289854
173062
471966
300154
766899
338606
389828
982568
304008
631325
797201
551989
276975
194399
441520
208213
786321
911979
589732
151675
333567
135863
105602
335121
194888
785690
367497
997516
331328
105186
944805
785894
484618
908723
273439
875630
974945
769436
196223
585592
690551
212339
586728
533779
395396
811463
850740
995032
674090
322757
258838
508385
395163
635986
199210
869757
961895
252623
813053
296172
321582
661129
586445
283293
440758
134890
704915
766264
973072
918458
238452
921010
850918
813179
201197
473642
514171
887548
845640
358718
315197
708776
138405
228053
740901
454741
282610
399167
625251
218235
286142
855145
338987
551358
426891
240547
187756
286277
512956
337557
153452
280022
395925
654011
961121
668641
258252
176241
651976
866392
614217
788122
358132
217837
232395
218002
530641
628455
799771
807212
431137
601466
859298
922816
223306
395068
324857
655370
203838
493960
354218
221434
341717
738377
816418
149633
881740
775647
947859
409285
797921
543477
493426
724107
566019
258268
228187
125915
908486
894162
822168
861113
946550
173426
526904
851825
507507
246278
261361
918879
287938
678351
256334
145179
188617
360576
821618
412500
390540
676515
628592
152118
295797
160767
452586
852662
266698
215558
897103
644279
159589
945217
396302
501167
908469
241609
658429
772235
519113
305042
993045
274342
551948
231386
867204
653999
562492
291766
673649
803224
415677
802890
317989
905617
371178
371522
788256
276867
254185
188432
212464
402447
691774
285148
630617
913864
984477
895755
581199
450027
292817
813580
877109
315479
910770
126555
777200
651281
661195
870947
829407
671828
312564
187406
276788
709662
979722
188202
122869
205863
402724
488237
656049
585923
806681
392785
172970
300586
493047
751333
953918
338612
209794
679218
567141
318915
394231
564202
840426
418571
838706
458321
915704
353650
608203
211194
447105
774071
265113
856276
110198
583870
382478
386143
341903
732470
266793
450575
751727
671352
673273
300864
595550
458165
767271
826039
489472
972765
636972
857371
894011
122015
241398
752602
119804
120216
801194
806864
613860
657194
679454
404403
716635
880955
173590
508594
933262
420142
540886
366219
714775
278499
214621
245614
381905
801423
519557
984716
295904
454327
113149
877414
411879
404503
110125
143310
298551
920745
873425
948055
820334
681444
697871
735208
819343
254998
113158
942873
531773
463986
675363
251220
200100
999645
518157
655138
257773
959270
220249
291048
699465
513928
695158
856464
969199
340516
982184
953240
210413
273422
461614
206000
662891
826189
232006
694105
702750
328128
746376
752936
497608
762889
390536
369195
823474
235099
991187
461847
111625
539073
705695
531962
297725
665973
917433
109089
370097
228693
748234
618506
526597
881856
980677
747298
386941
323898
597356
966083
191793
401623
265397
259275
409482
934619
353479
211142
566956
541228
171054
802325
872803
380629
208153
169166
497485
118593
329460
365771
115273
416543
961546
624076
309613
167305
359308
408107
536983
725496
124308
541544
570422
373894
127250
173895
428426
111459
267442
994303
536328
923154
219976
829918
405342
452327
740222
893308
774595
905272
215386
887695
641682
976508
214182
172980
380854
493239
465533
743023
898911
190086
889557
835976
189535
130945
174639
686019
702257
793586
212561
627808
327466
297997
773727
223810
433179
996024
449457
760802
699098
226438
911429
870097
648085
276948
231382
954897
846814
321442
827105
511922
388714
429220
575027
372076
698238
963182
934206
724978
663885
723098
290623
187941
220069
329303
340064
178631
419529
666691
708168
969424
969195
219816
931041
571554
579002
867277
718087
474144
221783
379763
549850
256864
761885
974673
304516
731559
605590
549585
618090
522421
820342
980883
926864
385500
278020
736046
567623
131789
902561
943187
661600
618712
344491
444711
940725
840828
123260
795054
544799
274216
510042
615065
288599
408168
120878
739064
935587
103305
366647
219279
180465
882152
123073
566226
130769
692196
614946
820153
504944
217514
641454
605974
881428
993970
506322
854219
771558
698149
832419
558451
748880
626753
640047
951194
306096
303255
192181
981690
499378
854265
709186
208242
855434
376706
616970
728458
461351
711629
837406
339099
689146
829109
311698
297057
375614
233602
105186
159219
639471
553725
645089
504134
888688
590418
752887
333295
117532
440089
976849
258982
752818
193408
273734
269369
943239
492970
442092
746032
862451
377382
189519
138910
331513
905867
680610
110160
814302
328916
818208
867744
404387
401515
964539
449903
671611
403212
684783
722654
781294
309931
588255
284850
202632
572041
533123
456232
237575
982737
647324
843569
550951
673794
119862
866283
262596
195119
228243
650358
893959
148380
603207
917057
135433
283396
464187
263638
349649
130413
247737
102196
279140
677440
887720
718015
300558
997875
346586
753630
575747
672800
379592
268495
118012
252847
619349
361270
186021
340616
153109
571077
609478
555887
869143
992177
159042
576450
651107
529499
466348
398042
300980
924695
974573
145589
141841
359289
586044
918897
484971
586033
676907
457506
508063
331742
543085
177719
478546
840201
821367
519415
767833
192696
916116
596728
163360
657714
886658
266147
341475
977718
248006
463300
677405
504393
190418
149483
372402
914412
736848
435354
587382
322270
557515
974545
104842
718066
453704
656123
282259
600662
535544
988385
991528
460778
583376
568946
457768
490312
251922
502532
887556
947248
522350
371001
796753
245132
234730
952667
678303
912549
598891
337191
600761
631722
690319
910062
963317
821361
513745
545931
222725
540366
652576
719849
894582
312373
542143
205119
286117
140514
752514
400562
131355
304835
508814
615398
350142
445868
502955
524127
617023
752625
135781
397589
635657
306255
969846
778649
515718
685886
339796
777395
494146
810572
675268
750479
658829
633341
732743
496186
840274
986508
861188
636309
813443
301745
676061
326459
680290
295391
951142
185732
842212
549849
469697
245192
560894
679585
192443
134462
192374
489807
213434
392275
155833
157684
161668
339138
257436
783018
751338
294323
270371
999908
594612
892445
511665
225637
525842
715703
535775
431341
764621
740631
848331
553276
226883
936794
611001
166487
605303
554364
253879
663654
369295
873879
444649
902787
814191
312610
672829
269420
245536
890560
334336
642719
858836
898065
632000
926906
614686
659311
966842
334186
273864
171940
782417
525230
938425
632952
123498
230982
441249
309658
813719
807753
886350
332700
648531
843984
970280
695295
896197
426845
405155
269925
899051
627670
692705
232942
362222
615543
211377
861376
715983
291534
815483
774468
876746
932718
636074
970817
620695
111564
297946
563268
462857
757917
248777
727999
566719
650232
810851
882086
996717
230205
934748
113373
120765
251654
837801
247564
440230
828639
935049
720365
113780
652916
681715
925941
451720
394319
682492
293683
678828
436504
247825
453408
696232
726336
985222
304119
266285
534487
295136
278508
553892
890735
356062
934561
257740
751901
790622
804156
816494
270337
449602
937678
944688
485078
162808
330192
616839
532663
883643
479730
647379
330033
186525
563023
648336
631285
505257
924965
104744
236990
858729
703060
436031
515154
634337
475619
917054
737184
144845
195038
224588
689651
476972
297307
458116
157757
365521
507247
325076
230523
123561
836240
312464
140669
879481
470604
930798
333174
868639
112505
791517
801579
988886
740042
928623
593458
958626
319103
775156
835609
747083
595652
789706
289531
721115
544782
504721
756818
595534
892972
383865
601061
821585
551589
853590
449974
524625
458312
291359
945128
776768
256850
206467
772635
877002
631670
547137
113379
287194
727771
446584
452283
473151
822604
453596
857076
927603
892578
542100
397297
714785
669757
308010
386476
850131
611551
839886
190942
348348
130924
981618
913809
317958
584543
102926
816040
814194
619130
367020
426502
165642
247968
295864
637121
837328
298309
229101
230758
553415
317086
863010
949515
620558
310816
737323
873566
802483
717903
614614
142478
459247
444741
851943
675814
945743
605076
217300
940903
212990
443896
129705
254663
879525
718871
242693
219979
921402
320101
512106
925118
712409
880453
889653
174813
865690
698827
239138
824811
161273
794820
490536
827162
696835
129448
470564
155941
578169
815756
492546
206185
198933
898048
240090
595820
673980
122619
566921
735383
993001
970525
258255
214816
707275
583586
421842
442477
607395
429659
589900
335521
511365
238332
772222
589353
635940
465270
411286
268098
182171
169219
968125
734299
267321
146349
971213
744711
888151
782016
305584
658996
138267
461936
289647
768891
161224
548950
894993
816029
674465
250180
458760
884254
973610
754592
809206
804458
433913
269683
100163
310120
270499
739719
434546
264083
683088
913375
205954
510846
890706
733260
208771
212275
210444
958892
534577
419299
863601
596935
862658
598549
780034
394192
905102
118259
179829
672684
637683
536035
867640
691014
473273
444611
986021
696284
338938
898640
933197
407403
175247
868363
428294
438818
761493
167925
633643
814441
814594
432311
338165
601643
273911
790414
479598
632038
413484
648812
464960
121887
925101
898669
242603
795405
989555
290946
231765
325711
755549
997861
821880
720616
924211
558813
888451
322358
540334
964347
465721
134264
172758
604603
263371
966635
553909
423575
595226
193192
867593
151860
124528
331391
270786
941652
458881
388091
926202
727509
358045
294080
795822
154187
618401
411623
966699
359564
314286
608712
802545
800861
153376
194083
593291
583143
256640
852116
556983
126373
616937
263548
427347
434907
469071
494062
138608
841573
547841
582368
663211
300895
859732
920874
639206
636003
742877
440377
786315
206426
640916
462151
520042
746394
954425
341407
513300
935840
802488
332882
155731
226966
146449
840368
186378
251985
975971
543463
832164
446854
986576
272896
584181
978786
252136
508875
835198
555564
340680
447033
323455
557785
519059
212715
788616
312964
536210
810932
598884
460102
393046
202713
643719
140191
352603
488655
934524
448746
231582
573753
300044
359143
886055
875957
352838
894221
735995
676932
962870
987714
913368
973949
553337
543501
272586
134723
606446
292652
747164
200941
143744
563318
267119
555793
227671
494130
897847
111081
846969
768299
164499
270684
854683
348887
279511
861971
816591
888213
203201
311699
891081
731623
784004
779423
149887
608790
383922
606393
132592
775669
856027
817559
297278
408156
480932
606398
203448
907695
494025
379006
725014
639187
189572
695138
606173
503702
844741
813297
636821
435414
160585
479568
457453
792410
546936
523663
331503
424098
868538
357520
794975
720111
281919
557073
426676
976965
344212
679837
697346
522718
669840
203757
778412
228065
839891
434057
440777
220042
460947
871323
799021
958408
781111
856073
629417
245770
684447
662745
215789
717630
760836
476715
418116
468053
126597
672034
690842
476332
107419
977437
813167
565798
507864
474522
159981
110118
150209
118691
433996
577394
368711
906862
979772
732276
363793
221073
233108
466565
691655
983164
609990
381745
752057
291665
491948
768646
910459
531249
432530
410207
173988
222892
405526
195325
853940
874572
678086
832530
133838
989646
438458
317064
892069
358282
407793
784242
812054
577910
493106
697750
631175
626220
118082
426623
627313
874384
563146
632466
824521
166388
430268
337252
610826
206695
775050
183376
296770
635641
979889
496630
909050
632445
409563
726423
448905
153722
972763
408940
497270
507050
414770
458181
959168
831608
288070
628169
800635
310269
680769
617626
263636
522540
502154
279927
304081
896995
828169
297498
493390
284099
883596
678196
189548
401913
721115
711251
148503
450301
875095
238140
257601
642383
980229
904887
373927
710662
547495
461540
225341
702277
915265
900395
349936
956538
848368
586850
326509
297666
279382
546364
506872
715639
866021
453145
993665
143209
397571
328530
483730
272060
586723
941832
409712
207713
769624
987665
325716
186091
832985
303399
829430
557443
665723
863553
213536
790284
766595
193552
400830
421708
340284
860490
470084
900194
151709
466840
309062
504168
549753
100153
352025
397224
736089
116575
351517
120300
188084
328798
929797
584607
192151
469709
653828
287563
549691
289660
654498
291684
341345
490590
933278
625223
146399
378033
570309
928394
162070
254102
745410
503125
637592
413096
952752
116655
498278
498331
869396
502356
387845
785975
217492
357140
284067
163941
315629
597304
370173
276695
194006
764438
511397
755614
158101
419724
370750
903324
714620
892320
505780
559773
741407
665082
790215
887773
647769
863979
861578
495974
677411
682905
797183
658235
600761
518176
976672
786684
398945
562211
744431
436308
466766
644455
861299
833144
767173
662600
529650
120611
157012
949171
968005
783808
357553
555885
993971
108575
887226
622315
138205
959493
118938
637680
950406
177486
284571
755151
317984
921425
151914
550670
847325
226798
722745
142537
165092
309705
555385
266838
659866
576785
634222
981566
796835
352471
130186
613519
506007
308481
387882
290544
230906
860891
502411
951451
686411
547675
868676
569948
115919
465716
182064
140767
690272
542239
699374
761770
971680
225754
115709
473459
340767
990372
563540
288947
893388
940402
534616
326016
525663
858584
859972
754492
600426
798099
376225
364879
975869
957104
772387
660384
704664
407216
771107
347270
724019
135981
329171
144874
955461
540751
840812
756169
210782
440324
153509
479317
644715
828278
962801
488353
317805
634383
466327
272181
957179
116000
362687
469890
795731
858495
932892
121427
900233
184195
727813
462421
232791
841869
196089
707004
681085
800095
771033
716099
529636
353975
978503
111372
787577
415654
232214
463651
666530
919934
774376
201056
317439
542589
533533
713181
575448
820897
413894
216824
465573
325460
671379
790232
662076
531571
153688
299167
844455
438589
322802
291983
428273
574075
590863
315127
523061
558989
948777
846629
558284
589667
284792
555673
379378
923732
761556
932537
949080
510650
879995
627019
126630
909264
690495
403524
591259
110799
326117
655520
542913
581853
392446
542701
902327
327880
358226
722705
102992
358543
468476
841689
491286
155972
219266
587213
678505
934503
663116
820965
567027
279041
449132
961818
394118
497918
934674
438433
228459
643854
669466
296301
984009
951015
327175
438385
904753
559262
464356
368744
523750
450665
805795
912757
434927
886115
418154
354759
399343
733369
242388
585847
189639
266694
326324
379382
382515
285361
163508
126945
158043
374658
799692
577008
422012
314850
676457
934484
862452
135138
801077
810434
475761
988877
130921
159689
697135
250684
450950
397785
823561
229095
295002
649256
597493
446649
675572
888578
153635
352075
132234
327577
507236
262207
466155
370274
596354
844493
554345
540841
359634
470457
100479
897491
337881
205134
163867
314987
505722
727651
512164
267782
392552
658345
159079
652251
182207
864989
599817
774907
871584
736520
521117
647177
320858
774886
760712
787423
986430
868283
819158
108935
241842
913042
872321
695986
845960
973375
511617
768837
373016
232826
118040
184589
893808
619212
678736
689017
936078
156086
808233
159287
534319
911314
352355
995569
364345
268273
315505
973468
833732
647497
343704
535556
110124
405652
252764
765443
215771
595275
778512
758900
566618
144498
273802
420354
323828
812649
194106
773691
982221
980246
688160
226373
670587
714042
260970
945242
317567
545031
268883
270721
136374
265617
644032
277293
938724
733859
969019
872955
482607
767608
277517
976859
136714
801919
429013
497544
624197
607304
513849
607644
707131
239513
387527
270109
630058
845010
733519
739469
940693
879411
517503
939933
843314
747680
274570
439402
202914
899656
141701
662725
365107
297244
605697
307419
954439
733001
196592
728784
321462
576506
600132
636797
248494
773650
944656
312923
996373
907486
661134
348546
312453
782138
106992
829200
816852
440290
236493
594014
332622
769279
219293
427562
528086
838583
931414
454512
691957
449710
740065
162997
294991
293153
381168
802544
488536
536685
701179
769201
327365
807173
431329
602147
730531
111770
314925
506497
905264
805326
395610
202654
481144
324326
908085
143374
961143
417518
833451
334357
457185
597398
817757
327954
337314
135915
113612
306148
594929
508384
837645
967846
649102
320101
171485
389702
227427
901616
186371
335050
747063
560850
401749
281639
310747
899266
380263
397023
854791
503295
158184
316816
404696
464268
527100
469646
547769
967618
183730
850416
521759
771280
618821
273821
247637
106100
764796
991015
515862
214895
773030
679943
150504
393148
165571
126666
577985
873339
539755
890546
160702
373020
790008
837240
994577
257822
649183
499289
780138
974048
513362
884219
762964
646541
881420
116567
691456
916563
795306
787893
545079
609924
833676
894891
443670
960659
285066
617195
381785
745193
391304
240642
315704
602807
838814
680091
853878
501343
633036
179344
695883
999119
345549
473507
545924
721571
581687
969083
347323
231422
770009
556867
189408
426764
826783
921306
678058
479151
333061
778707
881197
177625
583580
912645
950934
638640
369048
608961
134079
496441
718216
949522
347713
683167
130146
721423
528451
717170
951948
413083
508470
333436
379619
526435
115573
637116
369654
412746
396553
369271
456873
583761
253991
101283
999239
744205
353411
466105
346431
514207
648965
344182
860062
820643
580568
815710
213228
256130
994238
561797
801914
287194
840887
174866
316386
603744
663692
845247
513491
616344
238375
668696
615717
726304
329191
540993
629100
381891
516929
849693
908768
335729
658333
562922
680358
649556
408393
132604
187834
292017
880375
883601
750137
674084
845779
251398
959579
132491
746113
820343
917230
963468
326168
576069
801722
516292
309338
339481
371935
551880
638601
789958
387325
355557
926724
664140
861808
155117
158462
849328
828923
847775
606664
609182
993164
664740
925102
804242
208805
627917
789491
930102
869922
645906
833136
207272
947211
647816
359914
868165
752952
453439
146242
110687
289890
237609
406184
978468
646817
628908
657028
726631
794629
737134
947556
551411
330379
241277
924119
783125
721013
265876
434454
654668
268661
385238
428911
201257
520653
211420
567928
711261
107970
671494
868806
676414
817575
842069
401204
963931
462687
449445
846506
765457
990648
487454
417401
654263
596589
601568
548904
999606
257304
243720
227259
150207
793203
841813
768455
476215
136544
254980
728882
367723
723804
481895
973915
140011
818477
329895
128391
850723
138723
759995
993652
454367
862214
813458
899547
228238
448951
393505
673718
111579
593183
791189
803751
127379
224709
736153
739112
617114
217876
554944
167494
253264
388168
290561
719091
885738
720654
699009
765204
799160
689251
904210
303716
784427
679038
496030
334449
385660
662590
568611
549298
232009
603740
334958
522772
572144
158588
457982
934858
811194
666843
827084
754181
171071
778272
814387
356415
952115
290094
829004
965268
363562
389531
197125
207354
241407
888210
803993
351975
662256
522859
286978
100332
463809
858964
392727
964465
563400
205600
117540
993909
631607
412057
833594
898393
971239
176157
388294
547922
174596
606913
874867
567182
839995
772843
192897
415135
359767
830023
397933
944138
571811
958098
690487
197440
994914
190630
231293
959189
879390
103538
463559
256223
449138
382036
865283
121518
863057
207846
507691
218201
447971
165942
887156
594595
408562
532708
983088
318885
166173
649248
415316
855851
297384
963799
121883
278710
381920
138791
149769
276374
376113
440599
593676
839384
655765
798795
351505
246211
636872
526519
614031
797540
968623
963807
762729
778331
837697
613970
785457
425313
252891
725389
444349
668241
769319
903437
558241
907468
729923
317103
705285
719791
664833
948174
171302
332309
404929
864895
675590
671615
625112
444803
226762
464916
773294
355205
575343
975447
907534
876859
970044
823216
941476
465590
343916
617407
467478
555292
774486
364146
100432
137719
384221
518605
691119
560539
855020
615976
216489
774075
102447
892004
196066
367451
487164
541438
892564
958567
114453
173086
775682
546170
643594
440382
820457
457524
724180
682569
436570
419322
361329
470353
594531
842523
936438
641270
408633
899194
162424
761684
670306
633823
504324
163486
219889
518477
959261
838774
806509
920361
419140
635220
998580
592176
197952
464847
566763
714922
892872
862402
992930
822005
491988
420756
727427
430825
277743
176389
746660
514764
580770
215653
195791
142975
992147
892294
608944
109609
133407
273185
197425
919063
380692
225013
524973
168061
481524
374329
811147
918075
210669
215034
305645
519452
951785
114400
717068
298368
110151
511280
484561
260528
584837
937010
690765
224017
382883
987814
401074
965169
313372
611297
273182
916419
369647
404951
310474
459020
243171
877578
597997
379549
782448
793867
834981
206627
175614
194240
143240
733321
542740
983901
434854
127088
681401
646494
162456
865044
140841
998137
994684
190787
379130
334200
373299
850026
537693
114367
593697
146380
622113
173973
477091
628138
699667
710446
984526
594623
593588
494362
792402
424582
660165
796013
696941
500750
979231
141367
245256
563593
781637
137746
767232
912864
191052
770584
935899
111314
270414
669683
512366
349587
402461
587611
772027
155134
403755
246504
620140
734327
375110
131578
715402
463445
663974
655547
819513
982378
331512
832951
111035
632939
283745
462392
375944
727208
685656
820078
622260
577185
649541
418668
562925
203712
679458
711435
505018
813560
848559
222999
473961
556840
358332
162520
242172
304192
840957
891509
554445
115086
292901
774725
210434
617603
755332
658788
835895
385101
116778
456649
917254
102720
964767
186354
356402
584550
195048
922568
446650
816949
760478
866566
357991
489235
530692
210282
371698
281934
552456
490037
102529
398896
748369
471819
545195
271157
901095
959715
327065
529182
161559
528134
819970
287222
430037
527921
206706
117446
724037
264553
722074
430720
986229
491606
922235
278572
529790
613421
856955
915445
685884
743336
655020
807869
917291
481396
736546
846044
861781
565376
341975
922151
494749
522400
142866
627951
760088
132810
223524
417974
490758
880012
541624
867255
481713
377282
783758
839778
646975
654638
318335
718736
965356
695383
131710
228381
424127
899626
343533
506771
207665
164358
183229
352926
466274
715664
548363
734819
599205
690949
132389
385970
967460
763491
512369
421079
910900
965072
636113
873777
699936
690176
938435
368130
116556
920364
869865
343469
411294
984705
539631
526933
214498
408135
717929
575464
544616
147804
908609
700933
318161
925974
221770
757420
586335
289360
910896
871460
167736
454325
671219
948725
823021
641422
863224
223764
558186
650222
915465
987668
971247
536876
193547
276266
647451
324784
264213
798947
521384
719775
910295
955526
764149
403979
549109
803899
855945
100145
898245
887670
946949
128583
515422
902011
785056
767563
718070
975500
542130
474180
809282
915493
155094
374456
269550
617196
148729
401065
677106
168410
230218
352372
465907
658109
934349
349934
334702
196780
417451
573295
154172
858875
912940
364265
836298
284491
807610
130441
585635
238417
250503
394650
494475
223618
864145
232399
991480
238882
652165
250393
579809
831926
360105
467538
351434
289921
364045
334025
718345
190246
297653
489832
732917
367278
177335
691011
764816
890036
870254
725551
444846
783025
726443
975297
237615
804994
940782
726061
800205
290567
878491
127629
812246
263639
520186
954283
791622
206386
706224
353031
700177
878474
794047
406591
183126
858938
912436
415956
505933
707177
727410
148457
751137
672414
923255
707153
998265
912516
741835
788446
530855
983502
169750
931746
421304
751072
607885
672302
534002
565051
593148
923020
107727
416835
945812
987200
629628
667246
938362
851535
406449
536275
205380
712237
586778
200616
279195
148323
666191
668537
499460
759296
840972
494183
151978
911295
770972
448408
727937
343990
870213
317444
304597
671598
462668
960236
121208
743124
950689
105731
343160
740420
429678
608704
424159
487553
136200
311613
501725
572664
803832
563831
611709
909101
694108
518800
488506
567159
510128
366102
246330
203078
186061
437926
571985
551922
986699
204431
378807
936668
888140
453430
903784
644839
991690
861939
185982
662480
491179
106235
884971
905528
213004
655376
587574
516556
912917
986276
392950
818022
477658
644766
906543
563970
896992
242113
738939
767033
812355
590039
549224
753261
919055
379040
455617
738028
184808
184876
799260
254097
450543
396787
484545
809985
574706
673618
993116
833459
293415
875217
935425
607928
105925
790374
446382
780325
160136
687922
858182
696418
857173
390035
137549
450384
169608
623942
911587
272113
358773
153822
799190
257877
955369
693695
168318
549928
842091
978893
132890
448149
741454
420617
615549
386887
386662
551216
252943
570290
811343
830642
388313
596049
548138
230803
216323
162378
794835
180220
407662
621675
215331
272439
153558
992516
832478
217186
203994
663528
925137
557537
249752
370686
797924
374203
468115
287365
717665
195408
236403
138461
486436
954214
118807
675388
994511
379439
179466
179280
438499
748390
391205
896703
197400
719622
817537
408435
911990
696594
756957
953850
760324
953974
484390
466294
753585
884950
770700
712251
481300
550407
776296
384675
357368
720623
524428
608489
987993
936995
553450
352082
198316
133930
838680
187055
702966
533703
406518
664745
540750
756044
113291
331673
420372
449659
422576
987221
666748
267299
407539
657979
743881
178521
171175
133739
831594
405052
339965
281365
693451
509682
276077
816211
705266
335615
652308
279515
936206
114121
698339
485533
370728
636069
549825
633934
372678
472601
412595
797875
311075
760169
196579
430135
476613
297777
279172
295780
198859
620947
582045
625275
491940
221463
209181
518108
148095
604158
571905
588896
578061
542458
148157
273862
829670
654106
812844
567770
464318
365629
570681
352266
705921
112602
989471
449124
811087
567100
296759
957718
906521
320964
928198
297211
357261
516333
598415
612652
201855
363437
872155
736680
342957
142313
514258
745007
404681
320849
201119
493772
734416
990227
409383
201051
953544
962066
689567
704721
997056
617961
759545
111882
901394
390995
516852
206586
716375
793425
358690
908585
276725
173998
986216
804553
176969
130583
172605
721794
334207
473347
658435
683876
315142
305152
714997
466097
224600
235734
806729
688685
991690
821817
734771
707862
498797
306319
460485
515608
858572
351473
393685
537476
206580
262386
333407
666841
851027
618103
483480
300937
185784
174934
474344
433219
780369
826562
335231
817261
227768
276120
297920
814778
560060
437321
166682
666364
489536
231090
406069
253559
980511
387597
418045
722490
242536
759817
988599
123003
355197
932350
743310
879661
362450
205630
610911
679039
897668
744630
113053
397504
194248
624824
420378
625070
466999
962171
214562
611784
516229
480168
565343
742645
348655
613404
790336
417066
945900
197155
311050
443271
531443
489472
861919
912437
614167
670296
519368
568399
993309
104785
840087
649669
239396
671819
943968
350758
700656
160802
162336
299020
260826
899499
277440
118892
170446
289127
106874
833343
975123
591772
986860
279956
324427
751626
242540
756062
924529
996242
698107
323606
766343
953963
653040
442255
373998
161239
851185
140369
977768
936282
259084
109970
379343
369311
230298
523753
960735
518036
746726
662901
163284
407445
270858
858379
496103
641163
324561
716584
808211
360680
740681
560539
737540
348237
916535
104344
215566
884824
478191
980022
672052
458282
243023
175194
365624
665932
864129
980206
122161
613200
989604
342466
900807
708536
231956
369428
861741
426436
533504
419009
354187
237786
470555
708543
554032
760678
910667
944814
625823
685406
324362
110634
964546
236341
528374
973945
721837
331046
733789
211561
482473
874034
573184
618010
522534
976869
861964
298955
933197
190466
947342
486510
644321
134656
752047
807649
241877
641772
845246
518173
293051
321240
478598
649236
499077
307838
949500
247733
195311
385682
814232
337054
217014
916437
410328
151264
776636
491143
507701
540530
684148
610906
336703
160912
780841
291550
120324
234974
182281
562691
228281
970482
708458
353515
908854
877355
945349
899355
495240
996276
618575
740348
654285
185970
228015
554792
878791
422225
770937
757105
989658
958830
743931
532734
376640
608247
123566
842795
700502
969202
555628
893202
373316
321977
275194
232363
576996
955604
554255
886184
820802
635524
608156
231231
427602
702040
771527
669706
227669
759237
392763
606990
544856
992516
355500
380372
372626
795080
472350
303578
342940
357982
977583
363825
662566
488360
121330
793420
165959
327742
537901
890822
996048
355522
959598
731003
814772
497356
720169
686225
238015
103683
495705
813598
695931
753000
145487
167488
309421
473036
544918
927012
401782
963165
484185
478839
979254
290194
662267
118917
517109
705309
799673
482870
724284
481810
466926
616879
336290
911814
103307
836362
932403
176207
388560
432427
959508
256869
213694
429578
935002
751779
973581
794696
569398
175119
401377
431615
413538
784910
491901
870877
174497
879399
959520
623441
533088
565948
899129
856681
345976
145343
420289
807267
589520
517943
559191
341953
377356
582656
831242
490033
790666
710683
916708
886184
782335
893428
909599
672131
105846
455050
915515
538178
975887
988263
905246
804752
712290
661137
678885
929877
192427
899453
529404
859805
869978
540072
321404
300529
268580
511610
206297
988166
500410
308524
662839
479621
134938
811277
491278
923057
927989
996232
901267
641171
450482
918783
481626
346309
228737
468173
133763
846970
744771
908273
729519
364156
418042
967292
678634
703145
346931
411240
746280
887288
766343
464823
269267
555117
183615
932618
908280
956175
255611
176921
718931
161520
106467
722568
589711
143046
658646
869012
320139
478063
868022
511183
520209
811277
662387
880228
149702
111653
606124
444680
190095
170414
268226
311692
577102
637796
363575
269634
723235
772280
116776
807471
686286
842603
488733
913794
115418
211084
666422
524796
167334
284593
172069
390847
340271
740261
390475
375475
932544
605176
368726
741978
577135
444340
232372
285271
767169
796423
417509
347847
994834
965379
629157
858356
959171
707191
439635
748871
296293
473984
288518
802166
533098
711449
653726
481442
504838
609685
307332
479744
735951
411916
850893
293224
274872
306741
573248
271683
252475
367285
408340
566768
845746
886329
639894
633879
581509
992275
423186
879909
910709
747566
500815
543031
887582
296311
601856
839100
660616
986318
715636
515505
360930
782741
973815
503907
277542
935706
960908
977863
802395
636256
104450
331399
450367
940693
385687
515113
439984
840356
879314
771231
870598
593725
242823
982467
733205
158924
382377
680216
232243
978950
849252
177807
430947
205280
710097
318187
136059
728871
147826
372780
583563
136315
672995
860954
784600
273614
117329
233753
641626
157746
989597
482052
498448
516618
402649
885143
185631
401864
223018
752484
964866
413302
876325
271617
829069
639113
743465
166244
708074
106020
124640
503591
829422
708012
183667
763344
754454
299681
772764
969641
645794
420936
612533
264156
630942
687153
449109
265313
966920
671186
937828
575085
551624
486019
903081
645139
277037
708515
663819
159558
986131
350861
981488
846372
624988
461991
986199
240561
926867
136675
800408
615722
728226
364886
491020
450116
922428
913938
641309
362399
296348
593511
647533
117092
305936
411974
671192
406716
485794
107166
735472
830091
642124
262787
827752
472278
564722
966756
483965
216679
257365
667084
972413
807062
265389
367706
931741
615820
318444
241525
258947
534675
196190
622972
817330
843126
873406
224053
303530
751015
167596
738613
660820
323578
980553
356982
129854
954307
956054
486607
906254
273192
903288
124541
860824
106906
304626
308270
103808
616196
690740
603512
929587
395483
600762
834996
409537
167535
929280
611641
921862
126073
388813
304624
777025
930005
168946
580516
397937
129178
817464
339732
663401
276856
621439
101470
451726
761062
646885
933660
804799
826241
236889
857513
344140
111679
445271
287919
422420
283582
386955
337229
775992
444224
443931
465807
634379
961633
643766
522096
184435
924968
885478
406523
142967
951965
242921
904754
563768
647360
351740
901339
413995
613654
209000
282583
957116
486596
267247
936854
596280
661877
746663
868085
672091
915647
759177
934228
707741
569271
124250
671904
443706
777164
712566
901845
972432
949210
858468
645253
705143
704119
174882
517465
354305
840843
603239
330886
754443
311300
687679
455643
149107
475526
771236
496319
145858
448607
586554
926977
604368
492241
162871
311267
242845
300824
770328
857304
284423
377481
227220
494547
322469
450020
477825
543456
177516
331993
998248
425353
390720
258313
577664
953719
956211
172248
423992
218246
767138
705553
723041
805159
167999
123074
214657
359405
370070
608571
234039
386973
294323
672663
928076
311964
691549
822752
863885
159379
853471
497624
364311
755571
473068
914351
848358
457622
677788
527829
731357
977679
571791
369245
914806
119983
998273
806864
735560
298035
339972
502385
894761
618755
853019
602710
161617
901478
374888
254186
509915
143362
214754
458557
712550
963745
578654
135703
518457
236580
344246
920673
428479
160707
475524
339745
868422
343990
317616
913143
188813
639121
337285
372202
830551
508658
952555
778260
820675
764744
805747
480852
230233
232512
886305
482918
413172
124428
877204
102098
208861
860298
