258622
148242
751907
502842
304866
957236
629759
349976
692372
162388
308038
443542
181553
512090
488193
451033
399174
284253
556691
734651
897825
511009
911692
721987
354026
966558
481263
839629
176261
448603
341473
385472
330436
362809
158284
224659
637560
343327
837921
589492
282114
556691
380577
646052
975221
622725
801595
835875
402710
174571
952897
333604
612845
906325
822599
616614
374940
634238
568175
954480
770386
941988
185459
377127
347606
761549
926649
183354
461744
105653
884146
886110
285065
826991
708552
178620
276571
712588
894075
516338
632521
992982
305507
240581
777105
582009
295528
414667
721601
532611
490956
840824
480655
908354
931471
398511
690361
366517
304394
392048
250576
279876
928544
600199
940664
121857
237234
542107
999243
128550
300666
489387
411326
953585
618574
771886
913234
274838
956425
175660
284908
637279
189002
522414
859190
431424
458596
930925
577848
549970
510226
396462
460166
606144
562695
699147
885577
891050
280566
122624
443475
734509
355142
362988
762173
264142
210513
585612
213306
153614
900158
375552
119087
935764
377080
785447
426558
535388
465124
687272
394597
120078
681434
898187
593016
301361
595046
814788
346349
208533
992493
138136
922970
950261
671410
456674
501050
245784
341074
547247
199043
326778
191945
647120
347828
118266
864107
959456
299169
417456
317862
446696
961638
992880
966228
643752
925658
846301
722669
780826
923622
333410
314757
993006
884312
982138
670760
836996
115065
681854
115396
389157
388005
113678
658534
516045
951328
545042
400126
175769
524153
986652
732651
764509
274883
968763
503004
819316
227751
127038
238607
752077
883893
374556
501829
225898
810463
872124
482905
764430
902002
759197
288051
684270
960555
954552
334396
765227
870625
727185
239241
272480
479801
120043
459955
314758
400908
925067
498516
453714
380141
914884
625247
564495
749231
409805
349808
762368
732611
622553
723939
838305
733455
178684
138198
372982
951776
247377
506754
762542
998298
915691
644882
128818
656997
328069
151977
922947
377461
483680
100496
971996
961389
977603
899212
870142
273070
868433
343454
700668
282558
652120
309210
938968
130551
421513
880371
486816
398700
523614
242293
323586
216604
942297
390000
440198
966165
100030
240273
766178
925694
284118
292919
696511
337981
679388
613492
962386
672128
715724
864183
815063
919813
832108
979110
596428
654361
582809
948569
648642
836741
143778
743942
948891
813252
182631
434304
399365
766417
288220
233665
508644
570356
271455
377125
131552
945497
918491
694678
504168
808659
785443
784211
358376
922769
214905
941465
439378
269209
713721
593449
762294
422168
204602
118217
847599
734145
664157
104428
103764
980424
937174
451157
763979
870364
744481
560938
772081
296808
601164
174436
964303
259788
539560
245586
543950
729345
864439
520110
102868
249081
969098
910252
856679
526692
460414
958629
819274
822829
730156
466463
648173
702214
133254
436552
789362
139952
996572
789136
123986
430561
907213
127840
575836
764586
986505
683790
804353
841592
658854
403318
950137
464126
388482
972287
713135
143220
509483
580648
400980
648625
527954
753384
709549
139578
270331
239628
552492
109621
773490
119396
290207
768498
132882
265921
940511
139446
427649
778777
150219
453886
625959
584298
952773
214681
321392
332175
464935
658658
357271
978770
837497
312533
875061
819497
278044
527189
379923
709570
447052
987944
161113
249265
862280
651537
223166
917208
501490
338958
123648
222771
332642
601583
170347
589113
866745
359162
819681
412187
882560
511106
484580
245257
332823
567999
156690
552445
494928
957696
946124
979177
153433
792019
729015
684546
831432
744208
500707
880980
206043
675482
254992
544376
496849
345297
781544
228616
120158
603557
146823
705253
814980
519143
198824
812991
552679
256686
766006
950883
135830
717742
404460
409791
131370
372583
172971
560109
647625
840973
967945
176343
452339
414576
974747
522475
544144
894581
431193
914413
425254
882101
705597
258060
393944
262573
405748
767793
478421
263728
438631
787460
346684
532307
527958
193022
111639
673683
585265
404196
431941
160511
808465
110426
722040
694183
541730
286676
616840
358249
416814
148208
515020
738688
256835
411273
589749
758169
244347
588759
109908
148099
311762
264919
895828
949013
143287
744327
334052
810086
746005
110814
103919
974629
894889
572341
235596
324537
757690
411699
712536
859187
418933
956701
849656
506000
623365
911031
622790
194262
771379
805628
716444
723251
422666
265870
589555
950147
539978
781053
246696
647473
847697
929267
524618
712761
705096
738146
462378
936808
558004
198844
783641
708854
180725
836661
215888
460191
983538
164692
896894
798772
989624
302031
207042
321287
241542
686362
508983
595109
299326
642412
873426
152871
300459
229591
661025
150423
565218
362352
245047
372978
703874
162147
495670
848636
634371
334541
375159
730671
166545
721986
631844
872118
862799
632780
242923
410566
257294
219770
516941
107292
617781
629191
586095
893675
397260
546768
453471
965839
842675
344116
261818
763800
645982
844849
903750
289036
637793
209435
719002
401583
433056
779771
233909
573244
551574
202709
735873
389937
841498
214000
133311
859471
967229
631818
789918
635284
470173
858738
485604
951570
202746
791217
539348
676701
966856
334088
862732
733681
780518
660525
135044
754016
818083
249917
805579
543965
896549
785796
516683
672337
199400
305840
987067
168380
993235
463335
422586
230090
701582
908884
913141
723545
684111
744918
430224
514560
429788
105879
764398
793538
548607
717930
880514
696959
293311
451121
729615
497217
494080
787548
473181
679578
758075
499312
384541
982868
432379
862999
505542
936376
406372
907354
436854
848785
153497
128628
930086
421184
791800
743363
694128
975286
865189
841417
645717
762553
119819
434966
410846
112077
998286
203556
449807
508574
491896
618394
813638
303065
111797
999366
226603
523041
258539
859240
263393
748741
198413
913626
249548
589439
281491
327082
132225
482613
408602
837718
717995
716088
679440
937810
207244
680269
735773
306915
786998
387357
822099
436068
869551
121110
342161
741756
168516
617738
792869
779371
225469
428607
575377
381842
138041
738426
342327
118538
845576
679320
546509
148754
340436
117970
523537
551321
159855
620243
835048
204164
566836
515370
163697
208224
897103
698801
787965
102312
982415
208144
681690
522505
113035
534443
672655
172718
271702
341041
768130
878966
426425
509886
286109
511172
982223
807301
568940
853148
456881
666136
715965
596237
685823
992703
516675
179661
451291
624379
318019
892856
429973
510218
415934
332946
651421
805154
134627
623892
872710
584444
750772
828403
417118
990389
428559
428743
996027
558830
331440
403117
946362
111600
679298
792781
174236
382793
721924
383679
140044
408935
287851
429106
938266
842043
853037
894859
129394
192393
615237
644454
631364
659904
366267
902531
683011
268706
321197
627182
405382
857756
551827
693614
864332
500345
463787
857418
744380
701555
693255
750970
388716
121137
994488
479950
753064
152338
781089
267116
732176
168944
697292
280500
647995
133997
278236
324865
605083
551800
251170
820017
273933
323731
217257
439311
413604
978219
283417
264687
143365
480521
610807
732867
187986
355980
652583
498883
533429
603170
409179
491887
804050
829359
110091
177778
321807
306107
634892
558972
465749
715737
627126
251168
148817
927974
878926
120102
717520
917567
155408
396623
593612
933101
407006
190512
919407
797232
571373
763117
715156
318655
115683
267562
261675
763425
547344
205456
173834
905208
368110
987910
952228
787321
695014
180492
176940
497798
262803
587684
437772
283668
302760
826167
157300
944722
461045
427592
968289
453813
619968
641252
818260
505073
200424
314202
423735
293066
434809
932635
685810
681087
137703
735018
829045
412217
537312
384891
138299
488107
652626
294869
915280
662690
790483
119933
665884
279956
427571
942387
407390
344830
891392
475246
562836
216003
930143
734321
989341
199098
401397
305345
369943
962451
372955
764291
920711
542787
438174
752461
656023
208807
688563
521534
400812
171393
517702
719647
857390
456089
994995
251763
574620
399753
862106
844748
150765
685046
740105
593525
757515
645294
274880
192217
714950
674178
641595
173553
776957
294140
608020
779034
201041
694479
782779
785772
920593
972022
529560
771092
327716
408579
851367
272818
556042
596008
364979
180060
658299
104855
137170
749813
978357
615702
709780
228210
726821
562165
424264
877016
978640
685847
447972
389779
125931
380904
710600
570111
492478
879679
316690
419217
600658
625357
186879
970852
184353
179604
962492
968413
505669
958956
238145
192017
789564
987021
149853
506986
874442
912238
982263
252201
961632
418346
192406
198728
580733
516702
478475
742814
518556
241246
613907
977785
625558
877408
260492
972322
778772
177831
526081
649591
901622
248918
315935
993919
830823
974401
197582
703433
715501
389818
496103
749535
428328
882233
865985
712117
275873
908316
884546
640032
700618
627834
129980
980435
623631
317503
280866
701682
166298
998632
213111
473799
931006
532446
249621
839776
796281
796595
343219
554139
946141
380227
162496
810311
285181
884178
560233
708102
898118
403776
458212
483974
691646
914224
175113
230610
452665
160513
660262
323885
961276
866906
981951
277664
563008
795440
152855
101443
623063
397202
664785
217874
736557
287928
256569
661361
471663
720891
968905
538984
704825
182247
420743
297247
137095
722545
644243
513418
612751
368861
881592
860508
370944
368401
174424
540514
323539
252464
254190
765712
237334
251944
457157
124221
145421
351118
213046
496443
649106
828809
468826
880596
948410
847196
333970
232691
427127
638925
852446
939710
733992
124639
819599
168260
782920
236655
291109
686001
707821
776121
297956
187017
331474
684004
373503
630804
553928
297569
185060
744524
382210
533227
239884
141729
281780
206350
390755
917721
638623
942630
194302
951169
640937
395211
648485
368770
658791
235024
444105
124722
783215
932095
435915
470035
431572
723000
809800
587446
893299
583997
419598
734928
389059
876323
885662
382566
878173
362533
200075
204233
935015
891184
138295
866674
679269
263603
376692
868900
191041
463643
300981
655161
583147
779314
275220
386366
787919
523124
560158
794535
892224
589425
446362
303855
213823
603741
954065
658363
799145
787218
568421
871066
468204
238675
963062
962533
723713
969358
396550
626729
628389
610742
555627
778283
596551
906937
455408
482354
289057
961943
665144
970239
720565
436914
675345
525935
175987
152975
498614
154093
309946
345777
482144
198578
939349
750477
530013
338790
463204
396366
220639
520204
629072
956828
427459
219995
125343
753590
612816
921593
366360
431209
327228
959951
267794
760260
892084
812110
839211
322349
181959
673949
192568
455074
111524
462287
647212
257944
767039
163963
780564
724399
289731
757379
808411
787924
420915
600433
665695
404322
797860
353482
336598
579870
665519
304457
209078
898419
884178
666421
856594
981497
216148
399764
732334
853911
574609
151394
242319
827769
175163
546264
384455
625801
389944
428106
495364
130396
156337
894747
153823
488962
879091
930522
699115
454356
200106
997946
383406
612168
183365
867988
566059
606089
930083
470890
731340
962264
826637
553964
213567
229191
516459
103578
390478
150185
239252
780023
695234
728145
811055
709602
198843
818454
612074
404631
879172
700206
209381
949734
733367
801349
386072
296862
929757
566864
886339
150691
858821
258182
956468
487470
652886
247533
742988
696948
533453
332646
918705
883460
933802
222126
994098
863528
329392
710601
955414
359675
234286
596056
537073
269773
515618
336298
424825
454059
926097
276339
595164
426038
403809
668576
210471
234150
495606
768067
317586
745453
337775
344295
556706
363959
401971
622154
117310
485212
592073
333983
761606
241270
407307
206839
286547
143569
974392
879999
596583
688328
509353
905434
562377
603151
610625
355294
567649
700023
497189
750116
915616
325181
986799
707913
480271
605111
938555
869933
939447
801937
238936
105937
136933
188148
186747
182594
308802
245068
174677
514115
240661
525498
859100
683166
883626
817948
318102
856896
436525
576270
908984
582923
917768
733704
759884
649260
225824
320533
450454
574650
806224
869777
563179
330914
979512
600286
946929
804392
464741
608935
813958
933225
618725
649036
710972
286392
167492
759318
521079
602636
539446
460236
890126
164143
860316
672089
981980
721122
336268
328050
847172
441540
159555
609366
858457
308034
706273
146031
967724
817772
864817
682584
122314
942895
557820
697519
608427
466134
506497
521939
944662
799386
219729
169772
748615
503161
852464
994657
176332
862883
378307
298788
302718
271064
245253
697991
955834
941983
522568
757938
859016
365659
438598
158658
425100
656010
508084
506516
425953
722644
934847
718935
529447
631771
128474
254733
844797
317245
345911
323859
250251
673317
858659
319646
270441
222813
769432
719623
886392
486092
467969
910019
712950
197235
575682
970762
945138
734086
916053
840874
808611
417739
738339
690117
651390
292429
532843
474090
741517
678736
764663
137031
198129
560592
964158
540151
541309
449666
785160
463644
547054
150273
458878
173819
440218
432841
354962
116903
408356
326584
188786
738788
818966
822314
481486
762024
890750
845172
675074
629017
488241
210730
216124
153231
928099
853350
998646
474443
453803
283416
803120
653919
815794
683106
668061
407034
551310
817512
652220
842500
609759
722826
168095
517056
852679
590986
225278
282922
220047
553149
543245
806620
583397
963462
776829
636011
307053
393455
167937
981761
347973
154025
787288
615450
253215
542222
751888
133027
965709
657344
620247
987152
942556
510501
982864
747859
341584
587498
149225
751160
322740
392688
436333
857980
967160
399797
621082
615382
321484
361810
584217
117466
916853
850975
998632
116201
143470
149596
833488
712639
160887
796057
593908
470075
491867
891597
891379
279066
737413
691043
294666
628429
612919
769865
277317
455109
875534
396084
401551
160573
783376
289891
969250
393228
288178
406017
197453
299053
871380
171588
124687
529204
452687
456765
310962
594428
381180
674996
344623
700996
276108
518111
408979
683684
371331
482362
697718
195548
684323
948922
209819
185126
483224
236059
744165
367270
170635
344329
902371
406457
164771
669196
487339
827709
431560
207827
493417
131031
639793
498145
262830
638681
639165
604910
268502
698592
450580
610170
456739
283589
814893
640119
878519
417103
485834
938876
950317
296058
516513
855388
874682
228508
882758
543015
296050
299990
343613
565414
223850
487943
640824
766039
586479
490698
221467
490974
790930
948915
436603
192603
410198
132992
370782
343445
806935
411451
953199
302469
609978
156900
228422
217680
625671
964517
791965
864515
354449
583647
220357
644927
969870
563165
587283
433626
238415
490247
779659
743962
309839
386448
718506
784292
589990
364444
700257
560301
729585
598955
161274
643368
173784
933646
412376
967551
940649
497180
261377
287508
365555
381469
415737
428847
964350
606615
292583
299365
191454
790324
132049
744152
842459
628179
685976
555120
873163
870027
643574
484248
219544
243256
716251
119653
277792
544199
753233
990538
745164
753310
466697
736026
176428
784879
950773
404893
384550
521234
297149
535351
466568
730357
749640
681965
767971
825079
284862
227347
222065
489855
996014
934005
683737
698884
612653
852870
236075
354819
970763
721052
826160
949711
567421
756281
970432
360314
736863
818972
180691
809640
437077
374912
107443
653885
977880
540073
651950
387653
349845
133693
114251
351934
217871
380159
980751
907464
914905
553174
467578
223921
860695
320842
378966
209106
402739
647944
753441
669599
653840
927591
302379
298670
574257
168698
359199
244801
968671
629417
991946
808059
723340
576264
741638
711198
800118
831719
451258
112387
925467
127155
200978
415015
184280
831726
361563
367851
219314
975486
823902
733697
105667
669948
624370
779092
651891
910422
696838
465041
963489
643336
785490
104170
782350
747762
602898
532764
849981
372085
336211
860708
355234
501525
885825
497148
762785
428949
322064
466791
395560
470929
546081
402479
186366
930566
830627
745864
680941
410066
907668
331504
116344
195799
866305
529288
141709
723824
828550
411062
147543
481704
138016
826325
324057
209534
537656
543509
781471
837454
878267
270363
619276
237496
741902
379748
996254
540065
815460
283536
183694
563514
905231
142743
964658
696757
457737
529818
135793
253942
435650
444466
230389
469159
334033
403437
212667
440178
271710
273489
781298
720357
350508
151154
184830
185487
488969
859526
445518
191306
315274
873895
465823
829021
682017
207224
960137
695140
857684
484298
708782
856249
353558
960025
559836
160744
679309
516970
832527
150869
904552
603742
534705
366337
366129
468193
846093
999202
573920
821781
379212
387302
312727
559451
624304
456444
813796
982845
871756
222584
599009
148065
502635
941281
136118
989565
479332
506409
406644
445700
327749
804096
714438
250191
953034
814718
760029
185493
465173
420735
522573
453608
876915
226660
405007
629003
274754
884262
930278
984229
461548
929233
936714
867539
379961
948921
633734
487415
407780
810910
222738
618152
574486
881223
411136
818214
699298
785331
783951
104141
169484
388636
761350
816531
343861
224232
264149
464762
341107
840520
138792
525101
843402
485010
215691
496513
485408
514445
722520
895943
126242
175059
957279
597398
753197
510704
461391
802495
507347
241179
585488
560805
535196
157102
528366
161684
877226
794283
738263
240928
803182
700993
287344
806637
494234
384881
144807
616639
495715
621174
869226
906291
730032
468701
108366
261478
229363
920605
787044
184730
264304
833464
758082
158950
162515
221385
889778
774059
824235
267858
878906
989106
292399
471552
448321
183018
311465
657459
106201
191740
125597
201432
649428
969568
409785
364646
164391
146710
959778
677989
957268
891003
515920
787377
142844
706407
598021
623319
698205
863750
185186
161048
324875
812156
581130
624027
247048
950358
226234
658951
631083
727418
783992
708853
238087
759305
139067
556060
767421
338927
340071
750444
394325
470622
854358
313369
801030
649012
820680
783569
689194
296231
764907
214728
773783
539342
590966
759858
310369
126452
159784
723583
526399
701339
396660
266312
812695
373905
620251
485751
362413
691218
871584
868055
285075
520117
633677
722439
469515
345134
512517
990650
637569
487582
286447
311994
130970
149598
352027
315844
892424
901234
854092
890848
370238
979663
664003
713123
117788
944260
200947
138120
843835
981322
158849
940782
783170
526420
267759
582830
545041
592964
947548
976027
209759
632350
504879
591695
883306
716164
598633
325951
663272
232267
917644
327429
207031
619584
972749
235701
969548
780466
184387
226894
707124
528362
890974
526062
169843
932469
864220
402920
196775
675769
622518
528825
120766
247817
992271
532188
523091
114231
115333
679988
860127
934545
400217
219481
531502
382463
728017
238690
473723
360435
715172
306299
347385
420549
546039
833303
248897
337200
181218
253866
360612
748548
900723
206394
538697
200636
104396
126402
413125
670698
951254
590153
191612
116971
650476
264675
525593
786261
358305
466572
621132
307172
589662
559422
956087
291790
311194
853645
977633
228699
407995
103696
942687
860378
961708
847860
307832
563796
231005
460585
436138
142944
327549
511545
543059
566612
937203
649518
146563
905508
340474
179947
470030
656397
373481
390124
940497
262747
212834
346477
180725
183478
134223
173931
505154
966412
711564
530709
596497
882855
247631
864070
819197
582357
193222
931652
607436
256079
921864
825776
768924
502829
377268
928106
645939
598781
154739
577752
496410
878679
315753
712043
161537
899639
325460
361626
737877
436698
301840
182046
110194
650022
910405
431537
991755
320845
954203
209767
531999
408916
531801
724187
200769
225726
981844
771208
758200
858842
727057
272100
339999
143502
683447
919689
903532
859057
577788
535630
783973
715373
385915
368202
697322
398052
335326
996420
211028
436191
366550
940800
510781
310965
249723
198124
720164
854790
777926
778891
269754
722120
422160
411669
226710
675010
799825
237431
409858
329149
100458
287426
257524
603409
681565
638618
616159
201375
381343
956417
678991
398386
305325
295632
256079
200585
215407
781450
581604
132118
189116
961946
525936
542348
825836
127870
468238
106996
428915
336469
688051
384807
894053
753111
514218
896515
728053
664859
470729
760869
676291
155045
794106
545899
834974
897272
491051
313930
718401
904122
260321
839441
334027
409134
157858
741912
809815
904250
340872
737143
466963
386380
590372
828704
147218
256748
566184
867720
565731
522593
604876
734601
403646
827064
288493
572211
910319
997017
404680
875850
693361
383240
902694
615100
839764
622127
167038
438029
105835
150165
445900
680131
699136
366476
258055
201750
573723
897094
872006
300346
218100
336080
142376
888787
509979
155858
993987
894299
366589
946351
537034
917533
549224
490345
371597
345019
740509
677238
522678
536414
713169
915372
544121
588198
959869
952421
808580
760109
790202
524882
212945
143199
162364
327200
484522
470027
828651
795304
896056
952746
265196
746826
269229
339727
248757
534658
696980
592354
305725
814607
357528
240767
211604
594068
228119
280913
657153
409548
529713
229921
253573
395152
985905
427717
712327
975851
520421
647299
752459
825731
574344
861726
226910
132783
103964
599463
543735
744999
783702
365184
618833
529732
211393
278021
470776
744662
320149
223690
118961
657034
759018
705244
404955
936114
135775
483591
604853
444486
197421
947140
272308
300111
665191
611029
544329
446899
447076
187103
653225
810124
370768
248940
766728
169547
322373
241106
129129
925946
918411
857117
688817
440987
852931
703325
104301
375366
601942
528224
117161
866306
659313
129242
377696
989277
882591
991851
399406
436155
504912
921235
948514
780081
801900
115543
718837
896852
217669
690279
484304
337171
404733
885494
714950
826594
150854
360817
798723
203033
244349
130655
840015
470715
127017
967885
678997
918618
637837
359529
810450
310349
727964
804337
364518
971458
263279
993685
132875
607539
102657
438316
127591
852651
218792
480776
726207
556443
610712
225229
978056
847897
568510
173935
446705
666812
797855
859551
907607
364323
802451
867187
106097
906373
784180
830576
951461
456611
681667
614112
262523
394175
595842
487060
534842
386224
811593
343855
450323
343272
923959
447729
566920
551167
425238
582225
191824
196705
950923
193447
667476
665465
772804
147257
989470
350354
528941
897826
290938
796037
565733
607237
814171
752526
998643
569878
856720
613506
580915
997001
342024
363733
960703
603828
115395
789100
106870
612528
191347
801690
685260
143735
872859
303063
395054
488673
649686
751070
844148
613326
786178
350875
394863
230886
111731
354793
774966
810892
790691
138376
648671
791719
330819
197799
471054
333318
415621
953292
103915
422652
147456
466494
241194
522652
900946
135445
827028
981689
531531
516986
315008
870981
931788
397503
816084
465154
585092
482338
375203
913770
381430
246588
335435
488858
314631
143128
568799
751338
110251
540824
272233
697748
636680
368112
306627
666599
736089
622823
261136
906958
120333
316375
858621
219717
789072
786614
129990
557392
542604
430853
552863
895607
389238
375014
211465
582242
263144
288390
842749
532161
991211
628608
300449
617815
665275
194369
167689
315968
178781
356046
477891
282493
397199
366783
341815
709500
388849
931972
306024
540289
559473
258050
182247
362324
788413
277545
667039
886097
174718
257742
749200
820324
668973
986077
134175
102001
364348
874248
427009
165770
369526
481195
209097
187611
113304
586871
697018
839843
828023
768891
623001
454177
617263
340383
873905
809255
383493
495959
972201
302963
671261
180382
652236
796892
654843
688498
294903
591798
663417
640999
619643
773192
803480
586824
283797
778572
861994
967566
852943
310455
564910
623252
451172
756827
696318
170367
739600
854130
113121
994379
835590
746951
622755
789975
127436
114281
530697
647069
965463
706790
904176
178394
463552
625977
426097
200995
528003
281347
919081
292325
213695
224435
915281
427335
931271
540098
169094
355938
513803
820703
395022
748143
739237
372437
319475
292806
120428
575322
857475
683916
529650
162413
800433
973753
574122
912303
163419
460694
624180
116498
242415
852914
108954
359282
189296
503616
558255
444115
895123
578919
441464
495401
549721
202730
493879
283839
829986
547862
706117
145736
500493
629052
370380
564412
755998
170601
797070
802005
480796
855216
312734
230417
435861
556544
879381
694897
470681
950134
483321
701849
579472
774638
622467
438788
343042
898686
573360
529553
769109
221567
170073
170274
194527
896202
840943
823318
411398
212956
597098
676123
253733
661068
860162
791501
163688
146988
742649
220140
102548
803348
433976
797864
550697
431325
294675
796837
770927
839818
680885
365904
602312
779818
149305
309126
166401
761391
222131
556841
297963
934553
206740
366972
910526
898608
793982
531077
548350
341182
659113
218237
257323
927028
549392
387773
722018
788864
731198
843061
459333
679825
462806
565003
523516
978954
196879
783157
632786
176474
656347
590697
731298
209906
818249
406189
973150
847034
845962
848296
871472
948034
373095
955859
435472
266149
936916
921823
921999
910947
923169
650786
462258
926805
355464
552437
344664
579793
139690
664945
945665
456127
846323
486145
114392
979441
642595
353373
151409
307957
935686
514003
263962
618777
536560
905859
516797
868141
360745
897156
425335
227113
623208
576943
409311
367698
299663
970693
173189
988293
202624
756665
915614
752417
943571
684949
424910
786763
800598
865031
483488
317133
689360
844557
778085
338115
247459
842231
688273
349558
990662
989167
278239
598307
144833
648429
250185
782374
623692
112978
592146
905912
379685
303437
308207
829968
881120
339095
741520
899854
606599
706716
887508
819913
553717
957475
148322
678195
956907
256565
178343
154447
863027
173529
126897
511668
836738
967245
126739
331129
733520
369490
964765
500127
553494
392850
460180
241097
182922
415820
406128
959385
187735
360333
695583
162302
504308
740887
112023
856955
113309
636293
484973
289234
916616
835279
170620
180280
468105
587432
309651
721759
378153
420766
187036
400960
880825
227703
469987
330689
367889
880921
540065
882166
140086
710210
726535
441371
574616
687290
467807
927438
687086
573784
120466
878174
523781
898782
716402
381171
197641
445423
163217
324204
745732
232265
582173
842553
634511
247249
900101
932890
142349
630861
396826
721958
398243
595708
313184
779235
395624
386829
655772
935948
590135
970895
446718
629372
503454
435736
331372
799477
445283
846100
756386
499556
164945
536023
667271
556928
721310
756236
364606
692614
883356
228639
427919
787722
537614
302209
417923
995046
733268
176791
355021
777305
488702
456371
767740
179757
380451
881070
458565
267476
454668
164094
922407
442552
377298
432572
467964
272191
164482
789945
926480
109777
805942
136633
120100
150392
604289
782240
607223
146896
493549
651506
843621
436813
743559
980398
692346
757498
381208
831511
470866
857315
237001
178518
537087
705726
880105
626063
692350
898607
323478
744096
535370
164158
574417
259315
192644
587714
220230
696981
487363
431218
403083
934075
946560
316296
865326
263615
175589
898406
673812
373733
957445
254473
421965
141069
558735
862783
540421
492206
902233
744474
814754
496949
760107
515478
877898
844793
400651
714174
610089
483778
507054
870708
191083
404351
225874
448178
588418
318173
209250
373709
649136
160005
271387
448661
728912
690115
252381
538648
127499
417373
150772
392627
168048
550860
181422
483523
887450
332476
633052
654941
163024
720647
342094
948661
797788
438867
982048
514335
230571
314899
781906
766059
714584
633395
984237
423537
253602
997446
520958
211152
672001
335631
219674
912589
555969
109248
265444
572142
854939
447356
939337
891992
286953
244035
102640
743822
469030
655112
403731
161908
463031
670282
280977
734482
793710
690375
967987
660155
634126
573653
846709
236550
712235
658600
534538
857784
924091
735780
639459
898541
729180
888942
818941
824446
500644
989895
976588
433234
649303
399890
951892
280292
165059
714904
100655
939633
469314
868049
909097
721271
755858
716719
913687
669745
240210
605100
615319
820895
405064
411804
581283
346443
665664
164672
754693
199319
382879
286392
221953
348054
667814
968204
724762
313570
329163
545935
780181
876835
198739
580560
913676
940879
166196
185819
727636
625936
560159
340754
648360
394003
486856
679855
272315
488985
781144
881633
389758
508224
558432
405079
196318
983950
788187
581764
997543
386034
693583
177371
917558
111832
492290
722725
231301
688338
836113
598501
167644
716405
707516
812384
410692
797966
942531
497430
909519
927150
440974
787651
257254
470462
964552
986621
426157
688663
323297
381789
469152
303609
820191
221014
908591
171595
765428
348825
736924
307013
906375
835638
993726
600035
211764
590851
942222
659403
587551
332730
744820
307683
533715
729711
540265
890192
796240
937659
209147
875912
948142
785352
764985
996688
613364
342364
743084
509066
403384
197855
560858
204706
511395
491959
152627
931909
788833
849041
744790
248646
360120
317448
935887
827271
550807
568859
928506
524729
841697
378787
164937
474151
512917
661027
376683
430610
843353
230742
961981
548221
784788
913694
563236
665558
681427
218366
458190
613379
206753
560883
513737
504888
346761
928529
138456
683602
682559
388631
986147
885321
541255
913683
952535
805964
166121
160476
575501
787260
808732
626242
220249
380168
114398
860469
719164
265271
875981
827399
562149
560932
644139
388907
624687
734680
458687
903860
885441
235190
982639
915700
409604
410098
121335
283995
240103
521632
753528
885826
688671
911903
168038
979531
147877
205033
991026
425076
110114
440733
114665
963706
760682
133430
879248
823815
194215
453649
202407
990356
380568
651895
211080
425755
890852
970731
586416
808930
506439
619373
844967
898348
762163
508618
951457
479790
965992
965685
963775
270790
242920
136700
364141
479755
635036
581376
826839
427590
779038
534379
755567
342665
255692
711710
680397
262602
762469
375342
331627
714447
734379
549130
550232
199788
912018
434451
938238
830488
832567
109585
656905
327694
562225
268082
237469
346821
655387
967140
684009
513376
731616
137479
410861
539576
903469
319525
115119
203879
788382
909166
464705
924983
662996
797208
386611
267655
528261
780760
200440
421587
505711
218016
173184
873463
832787
443183
347203
928969
163228
272743
298930
490909
763814
465538
796382
332919
521747
859209
963226
406703
380449
880618
194584
150026
402689
576864
237916
387722
567693
425425
834822
293733
526815
788572
755905
895648
202178
719699
606019
970275
794706
741878
216545
860637
945926
348899
398984
131110
939166
352734
815660
110254
119077
688545
166538
403837
360553
789709
266307
307644
137085
447513
749436
839128
708326
991635
738975
608491
843076
139953
476375
829252
912177
436264
772781
914868
483380
401729
474437
900365
724321
613030
990490
254183
393557
510299
852109
216030
428547
932911
651021
916152
555053
659541
572903
166926
886556
900845
228446
729583
205240
484756
563770
232712
964782
327241
400543
417985
740753
568493
697450
630376
458411
688876
903823
100671
125756
677390
511858
762224
532760
454819
167219
560194
664212
103186
585192
873339
161549
283403
698729
954120
126752
306437
579475
606819
526216
933719
569869
211504
126102
283883
772735
456618
596148
948808
696740
115796
485475
631305
993516
429354
265710
758018
166251
786077
315085
345480
739528
624328
899935
844566
750258
232949
848616
565126
113846
829391
568448
253550
893085
332840
920216
272384
430355
613473
251820
519334
552581
471556
746016
560885
648641
560627
685746
197033
524491
985911
926048
426974
358289
714286
829258
812291
798129
308498
952802
709991
868976
594632
844194
351297
218871
985249
945728
948700
365676
607803
543909
665440
784986
806216
397411
292266
720879
754446
947549
730455
455494
682760
908524
738299
965938
961541
981644
508492
282800
439305
163203
771448
988633
314457
179969
478721
929710
246923
489426
377957
773432
307426
762986
308605
831427
903453
125843
671688
873325
700108
342611
234150
889063
380946
576553
603176
186689
753858
818400
569961
826321
437121
101300
517280
576927
740866
243749
739599
429767
310019
846329
423754
760223
230146
893167
575444
325278
751140
340634
791223
150219
900978
299502
782523
681817
477094
207684
186140
385198
506515
126689
147099
114169
304876
313537
420955
559162
479766
916085
259040
660570
312735
239780
423559
965684
520777
696803
778839
311338
733616
867369
460503
516806
859740
116235
907340
326946
586761
724677
556375
557410
442673
106392
298474
240141
634602
408456
332783
729271
982470
777176
907307
225500
525249
397451
154253
854545
701524
314611
406919
752178
842853
597037
345100
181602
708034
369555
871019
502970
627893
617543
575361
757468
714234
285033
347801
646500
906216
217484
212606
232486
534576
468387
585932
489431
175945
831121
952502
509092
743487
897283
763328
516552
614232
335305
182651
454775
261638
841141
768515
706614
135710
966365
774057
300141
357292
424814
772525
455461
267018
880316
335600
172754
748649
102829
438933
470530
535652
447657
368313
199427
463864
530350
376499
243215
128361
119584
598250
381504
473439
722288
429394
931330
509198
573027
375555
182303
141709
420644
464118
951382
613639
115336
776649
440490
548529
182902
128124
977410
706120
890971
317519
614716
298771
159600
360441
263404
757003
829539
701345
338619
416951
215203
661388
321812
477378
716834
193142
239962
218667
416637
443815
506373
631050
157336
404497
714477
765149
881650
282720
540399
214635
868444
256827
741377
945323
786443
343650
787444
936247
916459
100986
377376
502412
903446
103764
269612
517337
392637
220755
481285
675736
397477
996153
537378
869787
331069
139556
278230
821568
428896
158839
423083
500965
473350
296807
242614
735401
208824
732898
594575
805177
481647
466376
410053
336550
967713
369777
294782
705283
367921
110643
638047
283038
878609
207065
864815
918684
348612
780072
556300
264620
581324
645568
677833
485611
712488
490512
133715
940369
865967
799392
625638
263776
663969
715720
609244
202450
724169
103342
549642
892708
953381
735637
902298
722967
210512
147100
761325
534347
428100
903735
936712
678695
952827
111230
549583
611509
729185
315878
140551
448934
582505
299911
707478
949381
146289
547860
150322
654394
752553
768340
627371
304980
629409
729878
801343
775513
794721
871751
120712
110190
442525
150676
315616
574932
669471
264301
523198
264077
110228
386668
733654
723081
291344
699518
913322
578388
691253
290385
591780
264887
419982
157609
519875
535767
632527
860344
506147
317934
865028
876525
536989
179352
353318
732370
791966
650112
455797
549871
646241
595480
796094
942238
593665
617364
135758
734521
105621
230912
753840
872736
611235
310939
796675
460418
163657
446182
503262
762169
611591
850249
359390
970632
474023
457576
530915
302330
829129
287826
682322
433563
699398
865013
736969
685846
277323
740600
969733
621946
503585
585514
390682
105176
553579
771578
226022
128982
720939
400921
754050
538388
906842
944396
211493
823437
869568
176799
219799
866863
290474
863198
523974
808898
386663
498819
935905
143299
611377
513870
667116
222617
280222
673235
775775
587646
388172
339722
239230
590554
851662
647156
582168
604320
395438
122195
171470
404345
489487
141491
552328
940539
152648
185024
423809
865754
912895
121485
738009
199585
134348
779565
207198
446456
160137
544626
734559
255253
344406
778575
489617
132440
668928
344366
798165
396281
202841
281998
159232
341690
573728
549657
377752
241550
473235
736856
346648
403990
316373
519920
277114
534760
563887
948583
812402
295485
193725
672059
156149
574414
580337
704211
178232
820101
981781
121519
329361
409542
717316
334686
659962
276006
734369
526424
674628
379578
109382
968654
157688
667526
680743
567108
684639
712980
499064
873092
299771
634127
639618
968061
954390
594438
873464
387452
258947
881927
362898
421596
952230
776012
993181
962349
417231
373390
833063
268923
556116
799715
569179
933672
865690
549416
371607
955481
719862
202713
851437
881148
219288
115984
617829
564772
648551
446523
757073
719794
311868
159029
489118
448828
648449
533677
281799
204587
296384
107863
557074
311639
436831
746984
907291
983334
974889
386193
433064
456293
584546
866374
403490
129806
861069
346544
730218
747145
539295
731768
318259
518557
963145
298195
874534
717755
136209
975144
622843
201098
676596
959077
180106
570163
143236
565062
416349
755796
113330
956611
863838
511054
570467
421337
608894
402840
842297
950944
969951
772345
365700
996249
802749
643146
676037
420645
882651
827341
101006
956998
728104
100139
482317
363283
363406
906224
912774
647317
481019
131953
803065
633836
289887
969243
534497
662328
443408
367579
546821
102530
824583
537656
756455
429218
246729
579119
208545
942526
528358
442278
186617
490651
753209
129246
323410
900644
598173
308577
763400
545031
889583
777244
942624
362256
628038
134547
811418
907298
759605
136528
598207
797909
328076
626205
570384
574699
260189
541446
430108
640745
330089
663182
969445
279185
224702
256307
132419
400271
613290
250113
123325
673070
740614
352961
617863
405042
514431
486821
880284
949006
555865
665534
189257
336047
750183
393946
482913
490089
707261
560096
457070
981220
428154
869400
147060
313894
557445
632688
715198
632369
893319
377112
219097
695226
153716
716100
157618
959340
868464
828764
425437
373645
648063
879647
103553
586331
598406
265064
148255
777640
226774
935880
531653
539989
193757
394444
983182
233964
654017
770740
357416
384622
630777
804747
528405
394910
722413
639145
127618
218507
555600
990712
738027
780368
513545
733119
381468
361493
167958
271139
445697
810548
600079
430707
378697
146320
625794
809543
345582
396866
505925
148315
502254
624258
167150
200440
326009
698605
599013
215683
531925
244879
400525
518297
831005
379424
614523
369243
288017
583272
121258
527964
802586
191771
165061
454932
819969
690366
631072
326905
874956
995304
171280
233648
967627
807318
160208
346345
247012
280392
709319
501165
806214
719530
137410
381573
995997
515349
821718
846022
371668
916507
915844
678310
446710
211025
605189
374077
612141
236881
351781
844800
826840
929772
749457
344622
407932
256742
271095
362274
916479
979784
366903
274735
555784
348313
719781
726691
841260
830700
593967
577836
501036
520760
887193
377678
389601
825835
163660
739398
573791
837446
651467
319966
862242
845135
199076
646581
233251
336483
998818
320187
414052
878070
234325
997389
620110
717100
571586
351547
755356
407563
311533
682169
546728
754123
247082
112178
509773
768331
733167
511827
563219
152748
459405
818629
714924
102983
907182
620848
250840
320323
893622
584599
477370
314888
920340
316630
339417
412347
354457
785354
589061
339331
517742
735632
402939
859066
345509
677562
179420
714089
988483
128658
693496
953551
270635
526899
592885
147644
540774
708401
495035
721508
783959
870148
412023
495599
338930
288920
645503
452134
216750
580250
723264
717398
454199
857964
636042
353187
790319
675080
138805
640668
312384
767022
241584
143749
817738
526225
315991
409684
765009
478035
367158
887533
810904
627882
700753
141796
785042
497403
363332
168447
788522
968682
828176
495852
824244
517944
285931
691145
711552
296164
983562
209660
877434
657397
992279
662350
622662
284599
304799
801274
739664
201763
431478
186826
860243
855539
901484
914961
640182
101139
177877
673491
407391
517554
749790
298137
266706
742455
557087
431251
499201
139196
626046
771897
174727
408894
556375
289288
954003
905765
252687
823441
651849
794612
736968
984200
218047
655322
641328
471738
878960
450028
179608
182407
265374
811122
969782
990145
848465
567078
372128
571195
523901
685826
200451
807091
804952
442601
244887
385450
837868
437000
477900
291859
113543
604144
456661
636830
376030
965503
348918
102860
458741
884056
710651
573528
529048
733449
649553
317003
191208
851384
376606
589484
614957
661524
204596
966418
425571
928927
288399
280527
159788
354954
551746
404947
673411
221740
245074
396842
434460
411919
310569
308274
480652
349952
505612
826318
311816
257852
553813
577780
920502
720598
114752
158886
125931
648956
619680
801753
596918
439077
229280
813381
776377
692051
413250
707127
418144
378412
236601
930581
190573
351585
641261
480010
545464
608270
751329
764797
355317
719343
438841
816343
285115
828692
875877
174072
421030
107509
569270
270215
828180
387522
139351
373919
769615
159412
565167
235888
491391
114642
288318
722968
792777
548474
997703
228428
246432
819292
700801
875419
626426
521238
234959
793499
474976
507340
749997
150433
670384
591171
243624
575256
267210
500556
129080
783252
451757
756981
428212
991866
389115
596379
925561
770618
927627
283787
204144
870812
177931
506705
299580
701962
383042
751137
202944
489189
445130
355009
530417
564550
211264
572302
954007
300561
170324
765522
585823
685010
288744
922071
215504
740191
270779
173307
131820
433242
298358
697146
669200
511329
188506
773906
778095
194060
299910
626960
872849
110354
959338
533142
341533
978846
855437
720006
536451
625960
973946
837319
120120
334870
717679
673849
587080
732343
607756
791920
862716
500147
695298
413667
874701
313986
775008
914977
128889
427443
840195
460466
396350
131783
122628
348354
331437
716012
390312
999129
879413
180729
205344
969882
958805
436938
104082
423150
700639
643335
749825
169341
242640
644814
804523
778326
425206
654703
312617
657732
294073
157506
399130
912976
929127
571004
573284
664187
259928
705631
991913
661696
999805
186750
892274
213788
995734
342109
523100
612284
349161
798131
596752
233050
647705
725204
148232
164308
136526
125816
141500
845765
872515
812852
839026
618044
238389
707116
179786
965922
932269
420622
664200
704248
826617
728228
187106
190282
678633
680074
646337
800808
453264
879770
353576
431912
550763
256658
550422
700402
886693
638692
616999
511219
800242
597709
547156
340710
562259
590900
787153
362506
104683
488838
645625
839962
652664
942686
499728
143730
409983
938977
385769
647684
551398
773854
210048
673885
184963
188455
472248
462583
423525
626246
831224
686168
519395
311657
882693
962161
373249
481845
221984
406792
903236
346992
856141
790757
896757
358084
593814
307832
826029
592568
875828
316860
434385
520322
146759
131508
638074
892778
860450
322815
785028
790741
131606
628282
847085
455847
159759
659168
251056
547805
335126
950054
487556
603085
682737
100543
953693
545642
280666
964068
575645
222102
743358
851794
669129
460187
152174
224285
207155
242488
853457
190609
869842
824449
107417
360737
239621
285854
573384
435596
360089
508811
475722
774042
162595
679762
589920
983139
862179
153450
554999
405464
678859
943423
823572
766892
308708
975705
706266
502957
783826
141296
796805
401901
559611
560759
743912
666194
286527
856266
707770
344802
989251
822420
507015
512689
942518
908773
307912
976255
206725
450553
646228
512569
921834
239311
474827
891183
190172
772008
219659
920391
851181
682210
377848
633637
211262
277276
387632
484598
839850
735964
927584
810925
707638
802949
105790
320342
842725
648840
667573
683545
814666
485432
559255
791748
642065
966537
679970
536280
978111
845498
190318
728883
690066
594598
249761
936127
562256
250272
625934
215147
745283
456012
320136
902825
581212
316463
881212
846043
355375
329195
238722
268055
315425
534722
843326
717539
733738
591475
636732
837033
243535
675383
239472
535188
580788
170697
713384
844188
441697
541431
909284
366105
211670
195442
323377
996052
651694
488451
336592
433755
723798
955039
956623
503760
406395
626370
558879
233837
336605
529878
991892
367266
820554
758468
554404
610437
939736
210585
354792
284700
397741
876098
440768
109600
211990
788183
756436
488766
600402
446269
491439
313583
107105
300269
644395
214797
917230
145227
173153
333411
743706
955862
303890
452103
488645
772610
396840
759092
524064
914627
590487
697282
759873
533014
437235
100613
812097
631602
397338
449917
928756
794743
273722
243536
317831
877212
834994
420497
739931
716051
671637
119713
537659
632639
328664
723728
747048
279447
538238
706279
137053
813979
736667
840647
307727
648252
597170
468571
301058
239327
259271
660611
617726
730280
693184
383252
711019
104247
249419
969066
913836
878344
848053
729601
811325
823915
702846
369098
922673
229659
942200
926059
923163
472166
339077
993548
549262
354300
304484
696343
846197
160147
759769
279989
355788
326483
773728
957122
357334
263981
573585
228681
279563
894766
576310
701693
277742
264635
266074
558974
161809
589738
646044
471705
244104
846641
413147
469578
937246
901046
129416
991678
219437
454013
234118
345318
495214
946350
764911
378153
673598
157882
568379
432133
154350
350835
906736
143621
642887
775808
539004
329823
190284
213812
659673
848831
685377
518702
710715
407462
383892
706123
926705
944195
259765
170291
851380
498497
439951
842786
408122
922040
195742
448739
405600
396236
961024
416125
419875
236929
199139
104273
944925
333264
481979
635481
805454
974305
941418
968074
925398
260655
863302
798516
838115
326486
142358
740763
475932
286700
489768
910448
949243
403279
934995
483845
128987
337156
304006
205050
875619
368105
102861
758942
358928
288064
139301
537885
593760
248575
378956
247001
504575
347761
319207
738782
117459
610434
482280
511999
404494
630161
591491
945373
805582
477176
480519
159361
430321
350134
654222
913421
736101
325328
185102
721310
240614
997030
337989
114155
396816
619823
968899
377365
466333
350830
531019
914672
853657
864682
562805
871227
511297
510592
925213
488394
213724
681319
728376
663242
877202
110582
989469
737238
386418
552248
211222
680163
477627
185342
284766
460938
605421
746579
766294
986964
335111
697232
418170
264788
607599
436006
936507
533162
921400
433263
916909
285838
707404
408279
179151
250286
843664
326442
204872
392246
383692
520304
890217
502550
954808
112980
578214
663730
950523
780068
548140
365378
915665
440022
960920
448179
859196
668381
780290
952507
875199
309106
907440
656163
367370
297106
938033
228963
355218
301376
604020
976473
907695
985330
450940
675606
261537
307715
416462
313522
959113
208137
662495
932337
634472
321906
171105
116308
741862
467214
653833
500766
994799
961002
580845
763115
840977
456285
559494
180052
689719
788715
985381
366324
537073
599885
200218
383020
693229
795085
134739
609595
860686
702925
746943
296806
824110
998137
634569
527965
789632
553428
523384
489116
628000
798198
948403
331647
820775
990019
768453
508184
546416
963945
229326
977851
702673
125038
228088
724594
231147
835152
581445
182079
989529
648657
816840
275498
535270
459117
530922
113209
840634
619849
792915
524718
757416
538610
434401
261936
610506
893750
100970
690325
423129
385185
779078
412433
764247
958752
224378
990112
760456
504925
243013
332030
156749
693101
337841
205076
564906
719409
555913
101179
977263
609833
855267
710836
104268
407005
999585
797123
851155
523277
591429
717882
979121
216589
117863
768430
945823
287736
893168
837526
401920
608465
221695
596265
614288
916571
438667
324347
182564
724617
550693
756333
453260
733969
366750
887300
514936
959335
824299
567261
890315
843749
327203
295540
392207
469572
105121
786230
760975
889287
832418
295546
253094
282419
595573
380721
412596
660583
143029
860885
674390
214793
918689
112189
398195
454713
669158
919155
154293
256476
576735
602563
818168
455553
850038
909333
173459
722458
997012
906803
231967
419455
373964
511816
332783
741934
658150
412452
227286
723470
315254
216239
637107
940868
511158
593120
600885
347025
458538
240087
109539
229630
497033
416003
502660
812019
708358
995571
479904
390030
877627
533359
826746
455236
838854
260805
165925
304141
563522
528330
677903
464185
369230
763213
268580
735494
273912
800934
395748
454763
348500
396784
551306
807975
262976
724723
203847
302852
215312
796470
675775
123421
365841
747031
217678
779801
885681
885730
856229
838934
437565
257898
554350
195980
611693
915302
817860
898485
597502
890193
194010
868625
920417
735696
596767
727099
150607
729792
957818
415390
676634
401775
931794
646945
884967
922541
682299
768677
340513
759204
366535
449954
203975
710281
454781
864942
101185
473092
309224
418432
707788
782749
957940
679355
559369
377988
669179
139922
318606
226389
312970
647412
577266
227679
106235
688766
625733
920783
808756
281994
704223
970768
812787
998027
973095
306812
452366
732185
456169
208094
603519
985506
144738
323606
338391
249004
902900
231302
631566
777358
636226
559451
602782
615887
829447
759333
124647
194234
149892
250709
839852
599281
180288
253310
206276
397106
322458
523452
144616
162260
245055
115648
635125
552636
581477
564719
115204
802064
325406
792303
888425
553684
970910
825612
467921
280846
143928
317643
719959
778573
740803
153606
469536
296828
530547
117983
584278
964415
578266
465536
128027
404397
199514
745797
300480
147269
769991
993336
982133
110983
594539
565980
704276
922789
334885
947145
663961
366474
894088
686334
556803
613353
517083
439051
992077
297454
609232
621338
884050
548214
393778
765357
450230
307636
613690
466571
664843
906520
504303
872617
517319
720963
537519
687650
692453
444902
811865
731385
280794
790572
506048
946001
556073
832981
759588
545695
450800
589419
886274
333947
395271
728271
198814
931074
159946
595295
599274
549899
890368
283359
975516
195977
531364
495420
586890
305296
923308
388455
153622
738850
527461
365193
123444
981423
549082
612575
530301
567756
402146
326665
389966
606342
252096
764439
523004
106204
447867
639968
348337
599999
922693
640944
683238
800453
122311
997679
322590
626922
426362
392270
176011
864840
485993
424867
415799
958622
481981
921089
447632
519845
984907
762086
258207
563738
670810
958716
910792
376086
661143
192319
994346
966760
582923
150027
969807
637969
860448
775279
684077
286848
586719
818962
452050
658339
966549
676971
471134
405438
869012
794302
777688
323066
180302
431034
442349
711880
723998
265552
424892
184740
923378
390791
794812
585348
241040
906758
236290
825971
570622
175226
715788
483802
457780
249534
644060
441961
319457
833883
666246
572389
781048
576240
169808
946982
560147
339764
247358
617264
550459
122029
934274
991510
627731
813165
302549
182673
591609
876018
750947
201394
428094
116697
138298
658968
997196
383575
638075
611443
309546
274121
680907
922875
166342
845388
753469
426113
765464
868799
416336
797126
285195
235306
555129
568654
637307
150043
892027
822734
595527
265095
868197
351405
675766
998862
740573
150576
878153
888667
701434
444058
432007
628230
705338
596101
575234
670620
778873
724728
772150
826236
652786
350424
547525
673948
871169
421029
151370
987497
145960
737152
461560
291875
603051
601216
686017
457896
724792
290657
463553
175633
912013
518812
864310
973328
349032
624144
756565
608742
871162
717128
459161
226128
603040
277765
757495
846011
713601
925069
599657
624125
745820
707047
204974
425690
928183
347473
338334
829983
444879
949156
611528
135732
186439
558187
441743
266879
321494
313251
627088
221678
516761
113005
995219
637851
541042
194799
222094
421306
148924
505076
553770
530641
842884
447216
304951
592536
228888
636327
752641
157513
965925
610973
672179
790818
550227
434082
133053
196401
158681
936841
398288
936220
679654
889276
172252
776538
716556
741686
557563
289989
951949
481776
674756
974695
122485
707601
410429
319871
430774
501747
439804
210929
129535
613626
535555
525884
829807
301024
615033
156077
571102
462933
691082
886902
699655
857094
773198
596520
354341
594925
656644
553318
357075
647148
609300
413967
672666
134620
441265
837194
890444
104465
391579
527180
906621
455796
203380
341822
199544
440867
222081
698405
178213
163460
638950
104572
199904
968153
826943
703914
417061
770778
550850
423376
442384
155671
352863
385102
391545
998449
709554
437520
824281
757473
423740
614680
996852
264728
778760
378517
304503
850763
243953
213809
424731
566077
269104
210474
940393
175204
518256
849778
987975
885162
118440
742792
380497
207688
755723
780010
425228
184238
576779
337948
556310
928833
806709
533542
428642
867755
678235
528535
254224
454857
924662
545209
470255
888259
779082
178102
165285
207291
822665
911056
794587
326469
235662
505875
230852
170566
710109
707763
393977
193450
361984
103736
745273
910794
180178
974236
834958
132928
605659
144171
430088
766648
162471
514471
510293
999032
543691
161366
407940
280231
833435
207920
812167
236527
777793
819796
817582
953519
437113
148701
699168
119419
642153
838607
865554
886640
629017
296350
245188
747252
513239
190201
610100
944393
840800
416991
196342
390810
719057
519087
485801
232455
877098
476050
795051
193298
187116
453907
325192
710066
230604
661558
161183
540482
102251
309577
416855
263020
682449
279037
882313
195908
307887
369704
962543
613552
905132
452177
201330
715598
923975
953817
544469
475042
961574
178346
681036
119495
267021
509667
608140
435951
104594
185653
764258
877494
132232
622215
103430
544068
321801
358643
251277
407946
760141
402495
394977
673666
489003
639441
769309
831846
299192
935108
722328
569026
854902
940340
254854
870148
638062
657283
605395
395128
313921
509350
493394
944060
722174
891719
963607
192333
450592
945046
739128
835929
824593
277426
777622
766352
860352
180422
397830
902267
330421
234407
601829
480867
808502
166476
602906
749895
532295
643595
608212
269624
786327
321495
469290
373836
302205
579810
713501
182887
733752
232230
354655
165507
517167
139744
945198
479177
321487
786105
468954
921203
851804
679201
909946
275078
294977
966558
236351
646599
576523
581168
924166
711278
408299
808784
911333
965185
798757
126731
541460
591237
987887
890951
691349
254312
677114
714486
234617
166545
847397
502222
866725
275089
154274
269233
390235
960292
661358
605763
367589
599827
796827
371436
645556
704319
568398
838457
895183
701032
268144
584304
869721
459927
494936
939473
417324
511141
679670
567297
946359
106970
749465
811517
165518
267097
823214
656835
856043
259653
737406
371690
659560
329641
942047
747102
680707
304750
573849
359713
890044
650474
774258
934979
904902
620199
913819
345659
698839
664595
618770
364369
202754
792069
798001
699155
460123
596152
554411
385426
172333
285985
957130
595806
106875
810846
188883
219262
411269
129238
174079
875072
916001
885481
288453
452519
781313
166548
394301
675052
600495
421490
285405
876579
989991
796203
834795
348634
556246
877217
739640
906498
130882
953829
806012
788356
853973
989748
150333
730253
525818
119643
551823
452315
594012
796065
208182
568009
597118
584524
715392
884830
619979
519300
704591
729685
873684
636527
999393
762306
407812
658791
660310
518553
673954
910618
932636
262605
820297
794883
300967
428189
195790
406154
836907
621592
954166
120321
873735
937631
872430
117778
530049
493697
950440
805674
985053
439424
720584
234876
514518
908010
383035
121102
162743
761534
371942
629912
350803
316249
168772
206822
683034
850295
361204
672429
126500
607702
694422
304718
352493
555140
477325
666400
426853
413698
624080
814535
531832
709833
232314
936074
571538
157572
167217
836891
658758
376807
989319
620143
451824
900301
582551
951967
677802
205012
376889
206739
258133
120229
286983
192795
682605
863112
468881
841488
404324
726805
714936
168946
167151
462397
248415
419780
703404
512613
473682
263624
132578
356096
753769
530749
430679
391695
972220
739130
937233
939566
562996
103536
301365
138963
682765
393448
614916
819671
917674
557700
260831
489321
186532
851920
741554
940837
268625
892803
525620
676630
459590
100634
757998
173340
418374
177391
313935
913566
193001
261870
461977
450775
974521
980401
356831
242249
873153
282209
938659
187489
124647
944506
784289
763669
735149
116041
933578
118522
299270
315401
182897
909825
648087
615945
428713
329094
596756
845599
957369
719146
125003
204397
852911
219378
681484
746868
929920
840563
330616
350991
657753
233865
905658
756370
490601
481943
569417
689323
810947
658873
791813
459180
338802
139875
697330
165143
235503
107392
912146
471603
143275
880188
307949
353970
142246
376638
726475
389510
645415
278292
816447
281058
278174
360152
897699
973452
390498
624115
406663
232137
686824
370880
851263
756093
650146
179280
344984
545152
298370
371064
817631
919720
113349
296509
254254
837374
246074
154215
514782
996484
571748
429737
255349
174056
116981
258037
347418
143971
351907
628073
784536
333711
650608
452714
552028
855679
298588
522434
473576
323293
870784
139927
236307
896754
531432
908972
539247
654601
845560
608154
729662
294908
549009
343697
642979
132602
294016
515911
315339
589078
383736
122159
467029
997012
914196
518059
724667
327594
416760
237541
221552
196091
533492
530880
839403
296509
465259
492279
357748
115546
384307
785643
966814
238913
570418
183642
966527
774777
870720
110926
827869
971524
271865
998468
387344
531183
647327
204019
210578
446118
398242
420299
975927
573012
359505
400782
531124
523084
861242
106488
404978
999985
238052
827481
338654
840202
719800
890440
502675
504857
416099
171337
756405
242719
619771
682459
868298
560653
828370
308581
109753
221158
662063
843847
445204
673613
518847
386927
433884
648224
906065
235605
608036
849714
961111
560359
300196
890606
175450
380038
579887
180552
514385
275156
188828
961052
226257
524882
692352
823164
628906
310554
130104
849239
198949
994591
600443
966503
752274
162408
846069
104464
126261
870315
719648
205315
806314
277175
511673
754602
711284
204555
831303
139363
775314
712672
173740
946157
738799
240527
419105
318941
265872
522137
667643
639475
633941
580554
869056
990798
406153
196965
166372
129412
884604
241616
574829
467347
565122
907627
864677
225100
317801
784739
823145
663982
635478
251129
995841
273678
830841
190752
387518
240678
955496
864994
491129
727261
742513
602430
842387
731964
458580
889464
765476
655195
993886
217716
328223
259766
813030
491017
178800
357169
955531
207207
747003
690864
156092
774383
579224
759552
591829
410485
429645
485122
383119
846665
856911
688850
223654
685008
969662
770765
706234
933803
460413
919362
936659
892562
664186
180571
267303
301601
762423
705431
666637
755451
226994
225345
375546
998202
888713
615538
827650
481215
844032
929705
438310
390938
482943
713743
886496
377225
631052
580812
143815
388789
773719
561675
457484
555698
379711
179187
553178
699041
324930
619859
472683
475498
757882
595820
186509
733374
563985
639104
327668
492167
346145
278454
349125
644582
842228
639130
946460
419308
330968
317374
590275
984026
322560
554188
866399
925425
779441
662405
460793
419889
484794
224266
858379
416003
803956
217945
202944
261666
121733
482873
216126
416024
607121
364894
861146
453910
320892
118911
394199
232568
769832
137070
195752
493261
779680
255189
568044
634637
900926
554922
879222
548484
728491
573706
470352
677011
182813
652730
252571
283655
139273
458963
824466
602041
332211
437361
983275
823011
406442
560627
617048
170713
868968
176758
470750
355586
336313
795181
419563
848445
114004
900127
748483
246108
366857
767626
275999
398185
889485
389617
470645
244976
709923
804906
288495
202378
214426
804703
890369
135758
331760
822808
957185
119131
637307
138893
486332
128302
267728
363877
707941
963555
861984
820235
931236
443231
527934
204038
243335
702255
925818
290283
889329
938006
334131
889426
794697
212178
749566
681335
808695
565095
179136
593351
654431
291380
276455
577234
677272
519005
592408
980764
705002
423000
358004
226761
376193
201113
914158
520034
927494
328069
462520
316871
760822
458843
259650
763174
171337
214041
563390
938171
466877
246770
440155
381184
277858
646863
614198
567064
272114
248256
990142
390793
213664
997919
522001
375603
774409
605227
457334
397222
696464
977886
252517
731450
356859
582785
696643
334398
307304
656949
151338
244016
326531
693717
604947
697773
448232
674149
552828
993072
257646
266851
189553
282240
472926
648116
707672
562220
262870
152284
649340
641921
143959
337702
816617
402575
968033
652787
532575
560193
743238
549853
581400
263715
396360
691019
777485
218403
612508
870759
962556
728665
293151
365559
484325
536366
369116
122627
723138
626610
592182
375616
224644
381072
166122
397241
343720
169222
198720
719219
197629
862403
969523
623298
366435
852297
691450
102749
123992
929953
396047
676495
602505
311067
168128
117624
909563
586580
788022
117871
149257
548874
877066
721690
945652
241292
996537
541898
264216
225485
772510
527863
270630
556922
398795
958102
864337
131132
430703
167344
576119
435476
819236
214948
516884
709874
381498
492751
898867
677722
636479
353699
680603
992763
927248
803516
606615
708944
309200
620145
338712
254845
221431
108274
736738
419693
927815
855068
733491
535557
960236
602049
900064
950717
801758
112550
966500
264351
671203
403435
911147
540372
634768
223801
702211
172135
230208
855535
792083
872262
780501
553175
451793
342283
645707
474405
393283
483936
577917
811048
840022
113018
639455
975077
733645
767756
355726
396563
710694
324349
708038
691750
265708
600171
342232
316604
962464
813747
148255
727985
731287
343911
133260
219129
610848
651138
951203
718096
476459
546132
836820
184979
504019
352303
113728
630975
598555
423586
897559
866352
900295
208948
105244
175022
389406
898200
455891
986395
796037
889982
319330
764065
750568
903347
966261
671463
639636
942784
179117
444065
354441
620715
438413
792881
567878
591143
907921
690094
898651
977008
847498
689013
956818
666650
576233
693634
630285
999410
322313
952403
634080
229438
174824
567334
310576
655863
788697
263725
817310
648886
705692
490492
393853
104630
434584
917401
721518
775401
537131
994534
725500
469689
961545
413423
791424
825813
208802
608125
707550
268888
145467
511914
388475
245309
364032
540276
745893
662549
946891
123561
545712
274925
698669
449542
987447
848959
870607
648204
999123
970064
710378
120609
814904
686759
500916
798746
846747
106637
903897
277493
381102
143125
561652
663324
596941
459270
509218
631363
542406
146918
138646
294432
392476
426993
777839
153546
802455
502996
360355
318858
883079
965906
594312
964845
527990
607212
437128
642981
180928
655429
263980
243207
523252
675935
788030
986466
182815
614130
906135
907762
640912
491146
796411
362594
929655
165575
792958
681732
763776
181053
626154
451229
725737
603384
206061
202365
553644
110263
104013
504308
380995
458186
642092
875887
667501
654002
733261
102506
862299
511151
640181
369829
356185
669009
707597
716611
195831
281634
734386
164668
492810
254820
272476
928684
336431
505979
302061
379656
578954
653001
404997
679420
223482
179443
612847
609905
171860
635551
693313
228536
579137
288078
297739
314024
203300
918356
373129
998252
219934
467360
111380
826804
371257
581392
999235
633731
413147
431584
139503
744290
217012
953472
417359
447268
297252
196878
140658
620833
289770
703045
106033
642928
488936
789142
305055
864432
409871
497614
762971
363890
848751
716018
145410
130940
688030
952833
228460
620007
569328
501917
117760
690719
935018
649945
246111
469346
546177
577171
326206
690926
456243
411360
447078
612069
801222
599633
188192
815936
528660
704513
446865
896578
455765
935000
640698
572455
740919
368546
660602
287281
844356
586606
564893
921598
559090
863928
488046
216106
123590
681122
369019
453227
839431
690412
156554
456763
857573
980344
579965
337180
794977
504910
496340
425412
275298
364105
825579
662108
665629
594410
889055
649531
423446
429771
299039
943640
478453
174428
588392
989926
881006
779538
395528
746641
525947
998198
573966
386405
460988
748225
143468
452081
902306
791714
776585
329723
479854
572406
300471
689660
534207
231006
972244
911578
243862
508997
397574
653268
252174
509231
566221
886280
687102
706308
465825
669189
862142
496957
899943
325394
575323
579500
252114
228961
458426
494660
236337
499243
427956
102382
409093
682143
317921
842393
832412
134130
718421
699672
354973
426357
898194
202769
100307
539527
898727
217892
373323
117434
206525
526946
953768
486867
609730
497926
577450
940325
117878
928463
405790
940394
684861
570678
546873
950786
190321
197030
412008
788931
102913
353241
978315
666037
616769
368252
502447
832314
190845
492790
397515
733651
743227
674385
813685
301315
340513
252979
560143
661628
877961
263676
945392
112599
375479
603511
977272
721273
516980
827183
311937
457139
832090
678696
989906
488076
769742
818535
927651
263299
390585
336244
314693
610720
641657
529844
967997
452622
317482
658552
224460
425876
473149
710629
914409
677515
884643
964754
264369
502552
668692
279325
164255
109609
426016
441353
794746
527610
518668
275378
829919
810628
762659
891145
609548
812975
408139
834377
597246
798261
172795
608648
109965
453539
991294
250933
597047
881021
837767
403739
595034
791749
244170
795580
455348
997441
711539
744090
715573
963280
771356
640075
820690
413178
939232
292181
361628
261499
486231
136120
677990
956364
229353
733457
447088
174336
624523
612973
261944
294617
887571
686112
410766
506194
155486
705376
124648
787642
345101
638542
440943
862045
731545
252461
702518
303870
446126
168512
139668
852810
587316
370855
279588
101513
541356
181283
346216
281825
895111
357668
762380
999369
343283
370342
317430
627932
393633
510923
303882
349316
566432
436379
251364
399953
857267
799806
138669
127118
538068
337488
333513
884314
731691
755508
615226
471464
788265
697101
613665
435975
584427
842042
335782
393650
121150
391690
610168
784304
379381
907187
224087
412048
158480
966400
505282
943975
929061
488480
663535
816367
961542
865864
608072
567350
629713
231504
810978
860092
284945
296843
135397
312560
225496
166019
436784
542902
849120
381100
440628
967831
142795
924121
607779
117990
967696
768304
227233
736438
927461
884048
156545
543999
677677
607080
534508
535560
337606
645769
914088
594384
825307
765880
782444
994579
326795
326201
522562
974889
898549
162743
846560
662165
870233
247911
647389
421804
767591
339048
798257
791819
324297
108831
667149
670400
145042
595566
909754
612418
930630
515280
130105
965679
362778
283288
685628
861588
961807
710428
348179
107604
784456
329364
151879
185260
260661
195455
413753
845824
793181
819023
659598
308926
832999
604392
369577
647769
539211
349416
719486
558509
806993
720840
982592
836114
340968
422703
985509
329880
834180
419081
241732
808001
384601
759908
436076
874953
852929
142184
858945
229723
142582
256834
870732
241353
712842
821285
733758
629543
633144
816662
931130
761991
267653
669336
282327
918174
309309
954841
449178
115825
893914
311972
764262
375395
232480
420243
576261
615769
646984
307646
564878
127548
460124
635977
116573
479812
921130
879638
481800
262680
893380
478162
773675
498181
506897
823995
315649
687784
725064
268680
276644
702563
881310
384404
181446
313214
905443
787181
512670
687775
232436
918549
775064
185302
140809
284544
992422
778251
146776
141553
541124
319317
206010
522471
457864
521904
446394
324645
252587
399779
995332
214425
836940
479576
101080
969839
127151
506338
916249
369399
817763
119240
715717
158981
248611
417800
866323
785965
583925
188034
810314
274412
424434
927245
408386
549405
217187
740680
670356
796614
783328
335811
592683
486147
918770
654660
353962
537488
850591
296797
593524
347864
391576
923233
105205
959547
801912
676840
334747
191413
179355
302488
319802
584360
821810
683464
606422
433190
817243
634647
553485
284825
799181
209506
679432
906805
701841
949632
695668
162886
592317
929715
659850
606405
537955
888720
708005
164998
283483
769396
754117
121258
743566
518668
847897
709880
270950
495709
250778
474182
477330
367911
746720
642256
572621
969109
279110
102806
890605
141478
284079
487847
485857
140259
874851
793499
912937
631349
743597
509312
669336
200623
589484
873922
499847
965143
232323
628318
875583
923052
768880
231111
606797
755107
460223
154720
114980
507332
257589
774495
582172
182857
949211
905991
126686
860545
878159
339746
795618
332062
516597
866288
917753
814686
888736
193034
204384
780764
904842
189005
543638
368399
410248
293818
172989
261635
649729
274236
516580
236973
996371
827212
823582
831729
966605
298780
803615
123866
349348
737344
223393
575238
827312
972644
321816
605353
413045
436830
276401
521006
185335
797436
708744
924083
359823
737996
407901
931687
143417
775348
864347
133161
162168
916105
848153
464745
631842
510195
923782
631754
322328
469337
119919
920501
921193
179818
745933
331730
845860
245511
492642
520443
219048
766752
530408
325821
104557
316735
612716
437448
363843
466524
121015
346476
259537
227871
772977
688805
128968
972699
492575
863019
361774
836106
538826
188580
368294
167332
543737
428704
400443
157652
816933
183662
327802
308209
916871
990185
861790
684040
956780
798387
675678
788043
326332
415053
524587
162791
974155
712806
391137
514362
738611
170137
923831
233514
221588
426103
441372
150639
985451
766281
973325
252115
789193
387800
227645
611547
207689
955678
590120
670817
300468
227229
442276
982202
607411
903429
184847
834211
416128
649970
855465
751166
403455
190780
922397
853651
126331
161495
509985
783577
771700
331513
473240
522751
441110
608411
649181
140885
265404
835943
216939
952251
516522
176462
439391
919460
919195
935593
343888
814586
591563
557345
996804
832842
791243
875912
775692
430535
976416
990420
586216
662140
586696
454034
593985
111181
169846
789437
634809
384198
337318
450879
439632
844320
914030
820349
196010
729336
393099
633150
612338
490721
445815
547062
257370
240792
705478
697410
583988
177646
399268
942661
959071
417532
350309
984098
209146
838524
116464
646438
180208
864798
932776
281065
881767
932957
448225
839552
285403
329297
545505
353283
773954
400898
267261
550545
337309
765911
694484
893775
371339
161176
315165
580617
849916
563227
827840
703208
925356
568328
245200
716673
323109
725694
477382
775323
554218
115279
849297
985586
969697
764809
503512
378228
791350
360831
912704
644103
372314
640574
828406
907221
387589
209722
612282
111206
998152
344474
667885
430637
770596
973020
781816
945427
932964
951448
353425
360481
371388
677508
962665
524368
944181
713435
777741
638736
982959
272091
502914
436738
871288
169675
681666
640263
708727
709326
361312
407968
483391
725940
977309
855912
209639
316645
811855
490329
597619
381124
155023
462569
269499
325061
490857
775333
839968
676283
707763
569472
829717
747076
183913
251165
155931
849576
203127
551770
736324
593535
264268
174256
574566
997706
165063
733885
527691
571064
668565
647916
743170
215721
901850
571681
249921
142381
669897
906674
159343
728027
384179
546757
742756
452366
522976
164313
736952
101481
254711
858289
193450
938880
524318
310325
250884
