553346
683798
533069
741013
621270
537784
586321
319333
352921
768680
355699
305875
893131
692854
929753
801909
539671
290371
531093
266417
834306
654716
333353
948990
793467
211268
700148
219831
276839
738785
854423
114535
611944
259227
797481
635199
362443
730593
258996
119193
218964
402366
832285
952103
542949
983717
504869
797731
327566
950621
238215
937615
160918
191618
333532
277194
634815
780999
178627
315754
128104
878567
160664
106095
465428
233327
584978
856109
729271
160080
148946
408808
988828
330824
937628
608622
737479
146622
321446
617708
198606
928781
113019
534182
776823
458551
977460
478133
231195
358080
664621
822541
301645
563637
486098
141470
327458
592123
464350
585429
180383
568154
670168
798764
958742
613998
576222
785396
476301
883197
119096
215513
620316
178138
168783
699771
421499
873918
638910
824219
692239
946359
214576
758164
403580
709505
221045
667374
525640
230100
486781
384291
960162
411933
488880
641753
177612
474989
441754
869416
878839
184719
840068
910399
829409
275852
455100
995967
421390
780874
879933
358491
347324
712000
970564
536927
504522
127593
167619
945252
890273
981670
493005
684030
137196
861350
685621
269963
615502
680658
260151
975787
231960
807074
229817
839063
552363
492346
902842
490350
672277
907907
625896
105801
886683
423459
483290
411339
579692
874518
915326
591805
558858
414253
164963
572473
701346
794788
724568
442637
874786
605794
106672
346676
417878
956417
832513
880973
771429
457695
901769
416348
251895
809058
867212
996247
786463
277914
776938
719251
587717
883286
377599
705502
956407
142565
942388
941015
404326
351242
978852
907982
376334
626594
734551
733309
183867
134776
304043
846561
458130
135252
893620
306337
449596
386516
394030
387868
558271
917683
478930
765674
927274
914318
642653
677680
255995
289109
960452
593073
708237
599916
561002
987196
410499
438449
325560
910821
629534
640418
194830
238317
144789
889336
114949
298075
284246
387134
924477
584231
411650
179536
271095
829641
506384
725572
461917
927973
942139
692312
410703
741469
590851
624480
195864
469258
272160
605835
605291
152538
139232
919041
490165
121582
483942
967271
680409
521998
456381
205824
680902
218871
871119
431632
960231
804528
504300
936451
603066
987330
424108
505949
779129
329411
146635
734031
750027
497219
765056
213492
381547
346172
566274
496026
409775
359752
315427
372130
394378
293724
709192
445725
322109
615522
360691
857226
697135
628154
104519
532581
529349
351123
203884
241584
116681
101124
594387
431774
869282
232041
258616
465897
418215
444724
105704
294004
357263
768751
130481
327991
982319
321696
572415
962763
859143
158095
409292
386770
170377
242317
590002
490633
716838
235118
290238
577321
751446
313413
327687
805006
447985
978039
289435
910558
165327
561979
568337
545217
202922
304040
738970
178020
248424
108488
521524
958681
294751
207345
746361
866194
572263
297440
807820
917977
998524
104821
264210
335002
855145
872372
873838
792858
431411
239894
362515
443040
299296
482588
459504
190429
537824
505710
260337
161354
171350
515605
464613
307096
581353
210210
826597
807305
396060
244075
765670
228047
204297
236632
678062
262007
818264
487751
518201
686125
734570
377754
409033
301171
473088
859741
307994
612494
470347
877918
408395
595128
271625
851632
712625
403695
898269
819894
571899
305822
617047
457037
190975
385633
813000
163359
672737
103539
603295
975871
379308
817678
903364
196946
343879
154718
727219
478624
283979
587496
295812
485863
961347
130625
864427
923884
294784
476625
765801
848872
206150
703230
736266
766245
641712
880135
833653
320261
785930
303208
990732
968599
922508
516538
623680
637532
309058
690717
972538
562689
146494
540925
892435
752687
688179
766594
821041
757220
895778
580887
797033
855065
147150
188589
674282
522272
543111
798524
770041
618386
419142
112281
860450
200714
720381
691841
903277
405494
158471
703681
854753
261097
511780
413519
497553
165916
625041
726242
351730
309019
723530
443298
286860
311506
353643
819266
305175
819809
800484
754352
915669
650039
145074
390475
905883
223266
107150
333970
574851
283843
857279
628221
224681
866520
643263
674851
108841
303423
516345
382270
990948
403518
990277
592797
675849
899642
621395
962099
704064
106535
746679
227060
203632
131280
114494
429094
807512
479298
696087
417250
238577
568549
715646
902408
459123
622612
259871
197879
754959
549007
281494
634213
762328
173218
473566
434340
730734
168817
206106
777318
575003
355987
539840
562383
355700
246754
343769
138492
472248
443492
665669
713069
296620
697043
394990
882373
154233
234960
796589
653884
672958
399776
134735
294909
416929
527576
616332
353666
800222
931876
596769
201295
648679
679496
824265
355783
204758
644758
192248
367034
153808
898932
209919
110066
155640
171283
928053
582665
449059
269976
829735
764695
116627
326344
108347
716663
153392
557823
605244
528476
521975
495595
905915
919591
213583
752327
979807
787097
691439
973311
271041
783414
128800
811850
921186
902766
547448
880207
119226
431099
538481
186295
541745
167709
392982
711926
374888
516536
372341
966192
160099
542726
916641
373894
434212
538665
357800
910793
942185
610139
606434
674950
287005
911945
307952
726357
162510
314593
780663
662765
239175
664166
720091
770102
153023
635098
856892
473231
529585
847962
488291
968065
952978
957222
777894
986687
611220
111889
698894
556359
684059
124326
278260
234291
747667
960453
326177
930256
696153
978245
166675
332719
831876
935935
501171
797435
332939
480856
312242
516586
226954
858016
895040
227019
383442
111287
988390
948521
489167
618297
711050
747667
662794
442512
217910
178269
852910
683788
278440
420429
832118
658387
596556
572029
168773
310098
330023
103828
518385
773992
282243
302517
916211
620412
845509
738027
901861
904312
312159
424899
954170
617163
561405
866355
698123
263862
663651
483832
607782
281033
766744
484220
362872
736282
172053
468231
396397
358036
125328
292225
517555
492389
616966
507712
400089
491160
269478
212020
930026
467032
851813
198762
971319
559481
875998
812199
351047
245140
756355
419945
595797
110917
626266
809474
833486
407821
994514
888237
903232
411862
802916
158263
929581
324003
257317
630920
880190
305075
294686
863023
107158
248726
758378
820883
455054
201194
102745
517411
936287
747427
569015
288353
973344
948285
842805
103466
482888
605905
168545
999180
242626
229614
303068
259759
836432
683384
420387
239082
676557
317400
897794
933436
399097
141728
364287
364098
486817
156834
695628
166208
510375
301926
224608
147744
785717
309134
269993
391462
310751
598441
422864
824677
770521
632314
870145
199156
569473
443076
141206
656638
624451
533833
664708
673225
165869
586391
930288
465403
968772
454538
105770
150202
437501
530826
398433
824738
898313
281075
370196
502915
839669
279593
879795
225379
454938
330065
148493
892603
214948
288751
936399
285342
420140
255928
170362
347469
210184
515666
373907
240066
490008
122152
984210
658592
949076
407624
271307
169101
617157
774145
484742
357448
137931
164089
615590
774530
964126
527988
612807
936638
801728
518199
180774
407758
819641
315112
691125
926172
798076
887997
177032
725742
588951
392696
808668
989086
342350
420866
312309
700634
233384
557565
358426
109976
978683
280568
575001
544343
250410
738560
585373
479847
463923
690185
718600
345071
824106
629194
801564
406383
952658
627314
866665
712227
256872
528572
890109
780612
209801
406016
917639
761715
145669
155213
582744
416146
887017
478089
381797
217838
341508
337520
365342
490514
521765
298365
707469
517635
384154
864138
130773
397287
156447
732451
785171
837598
292201
722416
821864
400648
644434
243924
540304
794882
751133
365658
393274
252119
736911
459149
462451
281585
878774
151981
306659
444438
607002
661342
768631
480077
302847
952194
254809
898560
819097
240824
592823
890803
758019
149371
419468
600056
155870
905575
757337
514869
145373
557859
788225
848225
109978
353428
554751
355741
948222
924356
365054
816971
473238
319234
501029
860224
662326
289220
205996
179366
637189
285820
658637
477815
606879
632631
655221
232071
665148
365871
421309
230621
866690
445644
955428
606969
611328
601353
177104
982208
869390
985055
971261
418874
408443
682118
654872
758575
266148
647933
899599
851011
914724
104003
865430
623852
657363
301676
630113
613795
937295
673630
335648
120090
943609
809329
301437
212067
845579
733544
868181
161398
530479
743371
202555
634075
746350
261482
989065
180957
693102
117291
590348
911973
758314
453805
570388
740742
402747
279660
182581
927457
827591
147897
373166
644970
563901
890102
818525
635081
480389
824456
690609
337411
500271
381431
756451
683859
329444
543758
901617
273279
492174
461440
826424
634137
588541
902599
253796
207147
864675
273914
391955
284528
904828
285748
987224
324274
669508
445081
553704
747731
952456
193910
652351
404545
215752
560048
294387
267419
487387
311147
637731
231186
664612
200817
597951
467814
734670
573519
620953
830146
578130
636141
751894
739707
919200
892320
689473
849911
450005
224141
239523
584135
773821
367792
308615
400385
161687
749659
444929
201582
973724
667235
726391
824514
975922
667136
144891
929949
289139
328460
221700
208799
505793
937332
580207
921578
872596
939933
427250
250356
913572
939779
513692
112837
716875
276598
790004
742685
769260
857252
815169
238410
411780
193149
581937
501334
990174
522201
681205
434942
631826
332354
709668
398962
992581
346612
711006
835404
114964
361755
869269
916999
312691
799413
314238
199167
391444
125879
986659
270304
528167
930388
863538
569124
414352
102798
150948
142599
814295
594969
631320
546173
930130
215429
143234
367649
553152
244289
150509
547049
649507
691139
825609
451363
336060
473680
573949
414063
341886
456056
487317
949966
489480
460812
827059
357305
485396
216162
557634
266748
704828
863902
576341
525444
357611
924954
484985
180284
106562
923728
270236
623477
642616
153758
430394
412437
233582
836124
694799
661433
198802
197075
957528
651857
981632
981710
599407
147630
239182
632038
348993
497833
390063
578187
752864
414965
439600
553987
612040
995848
669102
934259
565425
831680
222533
505505
633459
601522
263756
725307
270026
467105
512152
216005
598177
719158
467215
703702
278387
769585
886770
571641
590582
360499
823393
494630
231764
971329
309238
327276
570537
601327
890289
326094
722090
557183
506135
371851
320662
655905
439316
684811
725050
959561
296791
238332
339370
143056
877662
548442
486640
963325
319620
420817
682514
479486
624528
639533
383188
977374
291659
524953
920997
369356
935102
237047
501947
705766
790895
802963
439317
745338
913546
145106
542897
361300
959881
966351
854042
497248
166081
884413
823432
613253
990627
648809
452878
677672
127448
605613
835899
928145
764188
298382
603656
654015
435742
291133
781711
355933
354391
255436
261067
811805
104873
763362
536863
284996
352854
315221
318168
741885
105067
854614
313525
588843
139532
539797
359093
788932
642581
684952
440775
421237
820066
556756
422479
191370
837048
649551
308067
683409
904961
156312
672488
986851
383179
867831
852080
283316
317048
942083
985699
603301
252982
176456
191714
257759
246419
806303
986468
474776
466718
119488
886151
988522
297820
818291
283243
951801
519160
660863
532684
912629
656289
553308
283753
537683
636208
433963
990376
147212
200943
437092
391650
225638
235493
507182
936557
830653
646767
240639
419603
659310
751181
522317
938960
666374
360373
840769
548370
741640
788020
836525
573284
442207
945819
982572
545326
100827
361663
765589
240574
583961
138332
804090
505700
345571
674266
297556
553277
840350
733114
637972
184083
732443
452503
492220
574661
247299
918174
227679
322978
315790
587225
279416
385470
572369
214619
718220
595480
702555
854854
685748
275594
352367
814710
418841
351576
226673
293405
596604
789790
497142
519868
479665
504494
869766
976134
903465
748962
292298
688405
556054
381703
551903
352363
345914
745602
168296
809085
782045
282951
510053
474837
376053
566107
551052
695033
885379
475297
869407
176956
235372
218395
280961
635419
959305
742245
446703
552646
309166
429617
283676
578200
627066
922153
971382
491348
600351
742525
246339
367549
713607
943181
888338
240146
144978
190147
716468
124903
513577
383442
874695
182909
268706
460241
719812
562994
630688
840897
832700
860949
172585
609119
613594
675575
212793
897205
854300
331327
722440
845234
918778
835293
734023
661044
423901
801712
535550
827172
490684
528134
215554
189241
343358
672509
609379
944979
519380
945994
718617
592375
101577
829657
894594
755454
882530
411789
643154
574646
133409
336746
110644
859123
210863
192632
144405
445841
309390
547851
402690
806966
327767
544574
586370
248116
716068
854434
712367
990255
120140
164801
382066
548642
331973
484092
204855
996332
427049
703915
510697
283595
798506
379957
498293
609971
690964
974992
801238
965713
167256
694621
283687
101860
124034
896389
871387
207643
296857
198762
784867
231025
561497
541842
221226
944569
596487
671117
629559
753056
622738
198188
898418
626767
337749
972955
201903
227157
214109
436399
581357
915203
424442
305334
502675
668358
476552
242344
765931
974684
520108
703809
176550
949504
138357
575275
402159
913884
423349
302139
270286
803695
522293
852438
903906
399895
844689
863315
535322
504005
911484
376103
248055
106974
898229
770119
943389
884782
607103
205405
953692
202483
931790
557545
436368
480948
134741
792726
570040
157230
830577
206297
361577
476058
285826
482202
583602
909799
909625
170262
318065
584031
760840
603650
331103
416613
710706
452680
557995
132446
759519
842425
992038
844280
895662
241179
385832
700196
751028
699871
316875
654647
317060
689988
611549
238000
108201
399408
526455
226846
230269
976097
392155
364805
378485
924164
930674
233628
139524
556333
100227
384873
383102
259719
936113
936600
196412
116407
109544
473296
513043
566560
419370
240629
512811
996191
845538
333807
590755
810568
788964
154546
286464
250935
315732
310963
668238
535767
249010
300077
514398
312396
731545
175159
898497
744501
443832
863235
599874
516843
609062
360703
636717
809329
896028
194174
492007
675255
399983
389310
887170
784031
823294
748529
510436
205790
373293
649624
575100
886170
879660
305596
578882
168690
104280
773243
701341
913232
132747
178963
423423
670182
301548
361235
753271
485446
462547
538522
408183
597949
104516
383050
915205
442422
833190
545360
699737
199743
220336
921127
479951
248471
965866
414160
349448
220423
943819
572457
395263
682859
266157
655041
659825
178936
677330
136173
780708
594726
264467
673827
293196
744062
857058
909084
700946
676682
931740
880747
892000
621907
190869
130417
774487
406482
931274
802153
482782
938595
787072
580286
192057
952623
831406
808600
367256
801333
660984
777958
955155
594500
481707
748117
788968
504802
645718
178433
144468
777588
625214
963428
720781
477603
565496
440129
977352
145140
820175
652964
590067
238769
182868
877391
775887
757532
262865
571576
286199
930287
937559
918324
882312
985642
654997
657887
282540
456780
452786
659830
699455
676277
983539
390498
711698
976128
977477
150403
486540
196120
745898
426089
199159
406148
492178
635942
954921
795536
111543
772770
961266
177990
168412
953648
729865
911651
752163
397652
964973
478239
864236
920603
292033
394308
684152
449014
600262
410814
101235
836762
573794
512269
931619
298564
644233
789709
129325
899579
870438
138118
901679
652342
188988
813806
597322
673503
947471
985723
931517
904917
900779
730344
274030
493362
173673
754677
837716
489439
280580
379199
440081
201422
231574
976815
280302
580599
440872
328420
704842
813815
236557
346396
458760
729593
532878
923569
719498
184615
625315
737223
639472
639980
421559
817031
985407
441058
722185
962225
620398
366042
800156
772744
324842
986853
328383
764881
444515
369581
169110
496874
577225
241530
188728
988559
257626
116968
188919
695485
656235
845580
299011
574877
282169
190791
960485
561175
272719
296728
206567
739073
545909
473730
984909
708111
220775
994843
523470
226069
178015
446312
544533
600520
888066
502475
732481
859918
283624
897757
863851
862181
710244
327736
359239
802350
388171
897311
473615
830169
264460
841508
986944
302550
877856
671115
375803
733530
967581
343135
241101
760486
264819
991870
381308
773692
804243
831456
911511
305022
188850
881344
245605
959367
495037
298794
676822
484747
615903
814765
625058
564231
966569
988389
953512
615106
368772
447302
475073
261215
285417
225731
110753
977621
183513
296286
283668
426370
805044
936338
745658
774558
843393
762830
599132
729462
446678
757357
268525
560786
298661
600883
978273
898034
889250
874762
913524
139497
686335
729927
288691
761253
492384
359971
756474
270452
530172
751887
555689
632941
651407
507375
908327
275810
643025
118582
607947
330038
520385
610621
884695
385290
398418
515584
646493
389941
963559
246746
888728
188953
295213
693880
725802
576934
785112
216046
642746
449561
958831
297394
810237
944098
132177
321344
784100
793846
341902
272614
965588
700172
171403
674793
344443
114284
122578
870251
669037
645073
909394
704782
889242
757419
589693
125328
737837
225676
403888
683634
670913
430484
208255
980618
351749
359463
453619
589493
138647
782833
979131
482399
455104
998416
442575
148316
547301
780864
644579
181197
183808
653194
610195
123944
761200
945987
858925
609083
879015
183182
658806
192167
760817
296076
642950
760324
836843
280570
536735
734199
571045
737388
542807
645500
952749
111071
113515
220053
459767
444914
394869
593820
517929
791332
169882
917838
137717
570712
258077
692187
618286
578808
287984
385612
103395
463509
685620
802575
394215
724068
969139
701114
983883
523565
568210
959890
285972
798034
793819
572427
767990
856843
544402
118701
886726
685417
919792
575904
560524
782491
376927
832050
601188
925583
312378
445198
113583
381564
352246
563666
376447
676915
529708
666818
856786
488785
195981
429767
362388
566149
895392
402069
289722
810035
874244
821246
313739
124171
375511
138036
299148
692916
882372
387270
194643
394699
471731
226769
321017
368061
418320
285311
874694
330400
580370
261275
259498
603823
524566
399740
280858
398829
161727
916194
696690
610104
170555
776322
149298
571952
740365
629174
779506
436956
364249
996302
325224
754556
939582
980630
717704
938220
838475
634384
281703
442808
980506
604727
524212
700308
227415
835803
719937
534311
975204
589401
409483
236542
477726
447511
981222
199313
359807
792464
350687
447175
330705
236320
295330
626230
175993
200195
671933
226617
294085
500982
471390
101949
216065
424618
823842
568585
118868
386514
344402
623103
567905
632409
953042
734065
872685
339044
396390
220179
718718
637471
776616
982525
890344
677149
530174
823981
776954
179920
371514
404787
302932
984993
519638
581593
697844
832453
363868
350936
757262
669194
618561
672779
853839
157002
603661
219854
587191
347846
343228
394245
269995
720456
514915
604806
308628
441274
725771
918216
140798
613295
114241
218029
551716
661433
484373
276680
763368
487224
972025
197239
633314
469512
902044
390263
351552
612251
214095
255470
648023
179195
216225
652149
228305
985597
383501
783597
664824
767320
824404
590465
568030
530853
399724
698385
510947
322863
727416
756152
652244
350601
484725
239269
665155
529903
695955
623830
245204
846720
620841
360801
612950
572033
510552
500023
190072
161023
812750
843889
585967
810937
506396
721172
543333
461335
181456
253225
934879
948654
551576
378669
792657
221899
745689
462015
844463
331602
250569
731064
469040
229312
781152
611711
572303
182512
177430
731710
864183
867859
549409
513125
420569
125333
283086
549302
260044
577248
266054
310626
339620
431084
585399
813969
175520
522712
243244
855924
266231
878201
615602
644390
813080
937008
929730
501906
908517
289834
292536
731669
406813
608841
698098
616335
543135
524930
412671
119802
888004
607148
492661
850943
279129
813446
276413
568156
801387
545254
934763
745281
832280
245923
211963
103278
773090
687768
803749
285022
539200
864205
332571
397879
303233
406586
899753
824342
787293
778040
631987
527697
217346
196893
487281
832627
880161
505934
803769
302473
182003
410441
981765
660922
850847
666042
409469
550666
624740
747718
687936
676170
281890
325113
485802
177750
536595
701177
533555
942170
328157
590566
988953
389484
163716
860341
534783
530883
771291
317952
896789
982447
959846
538711
240759
112669
196150
224838
120274
105340
850985
854810
169274
367847
182653
103404
448916
729944
903802
704331
530999
629627
334049
951700
695125
923893
830246
770756
121444
781469
412117
691185
939291
291634
408811
790307
348605
479779
187089
309883
571382
833921
698881
240294
777266
823698
238478
276960
437678
797773
737864
516535
916619
718083
343065
865016
408502
833813
576837
979455
718708
797782
693816
489491
376729
822524
316223
886935
260774
763421
580933
197096
328124
198191
142169
703729
791254
737192
315970
383392
629681
260148
461127
324574
657872
311723
221099
684747
461921
666826
572568
840204
518787
304105
720749
212624
678791
542230
770064
226814
298175
748510
298297
413933
161171
895706
367282
229602
442986
222806
627941
771896
174111
211679
182793
481363
599669
948124
414680
946539
202739
452194
889371
885302
756046
556942
530821
959395
302285
844340
366690
746808
591687
983319
863587
608948
186122
729915
842290
515537
258131
453614
974137
708197
488711
555270
475708
628168
131275
879520
885841
939974
112668
820595
279786
397309
520334
616415
724558
386863
637442
216587
544366
636137
514157
964121
276722
730816
428301
980412
215843
716615
233040
372118
601400
926692
912731
153775
176708
327015
594688
621520
835704
599841
896531
319564
368907
994041
919281
509825
576902
945466
730519
676754
313557
596615
359989
635290
350266
243556
900431
393227
154915
185234
973655
463293
159781
986129
880884
823064
672041
350400
897660
369126
977918
248484
387011
290081
362281
851718
411245
889779
981800
820075
552212
951203
617509
125568
885608
890139
868850
569828
656161
152579
877166
225503
858678
434624
543388
552809
393854
602304
557043
683483
718222
694998
952878
766458
236695
746623
518133
878202
942696
256385
892190
835820
151654
825639
888606
538217
647666
607249
631677
268351
301212
275461
790758
125737
418939
544141
912863
480940
106563
571434
277949
397981
115068
653022
962685
912187
840879
678957
536614
605212
569713
640654
964651
466119
117066
528940
165669
914857
285533
808859
828013
880276
485118
599890
677838
933775
331228
815747
195311
941674
896410
330399
917713
685561
249016
110109
982909
800669
276998
381678
768763
225731
274066
554702
317323
627151
340888
192737
451641
180336
616129
896867
874371
378188
742057
213418
134934
735362
527041
309897
111939
982496
322081
343163
789619
490933
571565
690474
558959
937607
290728
192118
138550
285972
879492
992721
652414
440234
288183
633691
535441
393686
499130
866317
313722
440277
968320
556527
605714
463395
321515
585363
358177
156998
378633
976727
616833
551636
291627
325686
866231
851140
892067
270365
733807
148816
113401
863286
113330
689724
955678
393349
332883
575019
488616
352425
829342
350665
604885
794860
768502
402533
478414
929872
130766
968043
932456
187674
767571
296082
774345
546921
934413
981628
495788
623291
450365
227687
913917
361716
883812
748935
908688
632602
493491
295489
486814
103673
484922
119482
585752
977263
433310
106864
582723
246955
327222
968357
549887
534431
990698
198719
439575
773556
738251
366575
421686
991678
809057
623739
177416
655638
915415
189985
924174
762119
692747
326899
902885
571012
769011
477790
304687
891715
582003
337232
537733
707572
843454
500620
981199
819633
126237
590951
230723
303713
253140
426473
206879
613755
172369
512547
275074
572274
317272
859233
659957
120122
923943
545505
498188
930649
578794
165783
625611
332285
419407
794625
527189
992547
288573
925216
151598
652938
223994
907817
544194
508405
900394
367159
207085
487536
899572
692535
109328
243019
915676
816726
337585
713177
311269
874244
753254
790071
106373
935350
219732
540803
206000
265424
190167
216189
469891
481365
867678
860872
525214
673558
434162
279819
403755
851625
946014
234847
490951
896007
243608
990035
995902
906480
414548
650326
221662
900304
147506
983208
154259
487746
467434
614772
964600
237778
547181
766289
551072
472541
235510
101204
345554
112927
313127
463265
149636
506450
791530
546149
370734
879788
936825
750795
329411
123189
495291
568055
272109
251879
236656
711956
911631
876298
690550
123187
963417
982326
750912
552032
336610
997333
442530
822353
342503
268953
649600
196507
722557
276396
381541
422350
484283
572814
688048
168103
153281
512729
643257
995794
882795
664775
165653
257826
965462
892760
662721
226159
465401
529204
944327
848087
962142
331387
490566
977678
924944
645044
171069
784973
272758
668479
788883
539297
500456
861410
253938
567866
212355
546201
504597
575381
629481
661863
884757
247879
904099
503734
340959
681693
632796
157322
764029
395106
194068
222614
170386
902862
306666
605405
694319
200497
780925
934379
332006
467274
596716
775814
396656
578786
636860
382218
886912
588003
699330
976670
940930
823573
407033
659051
876063
136388
740548
297699
258665
617248
807601
688914
332613
591630
649920
535429
164581
334740
512084
882563
153904
864319
522517
163230
236248
470590
725368
173096
465364
159830
445459
285687
550023
752901
402169
589512
124103
215780
246215
404019
867779
967748
820213
311385
375270
804960
616172
420738
543814
744159
714203
347383
357627
219552
651579
683655
346572
513463
376132
177609
327659
259256
102290
767028
400806
798955
760150
320957
287309
455845
891282
923301
714744
264260
690043
816831
275846
993757
918406
205189
793053
501680
960242
696299
132273
479932
489070
968005
606898
610181
564148
754959
410469
607399
845840
880595
969757
797496
724596
965768
535046
931234
715256
400367
663024
470651
608643
515847
225123
871586
346940
186121
823837
192681
833649
768607
349825
462069
618207
682654
695380
332425
278067
272546
648496
216614
814833
397859
524673
964601
165340
898332
100956
369108
489315
305739
705144
710387
783564
879425
355222
286213
145695
416243
243694
606067
363401
454274
393116
919803
543149
281746
397732
104353
911938
583234
543261
271992
687813
344558
113327
448363
933207
482501
847406
378999
962812
804217
573967
762799
756198
785514
379533
553786
230190
616587
607644
513461
485168
791457
570945
940985
397552
855859
166009
145273
853845
177157
420967
994220
679649
841781
994742
766199
344708
810457
883602
556679
341671
440962
583905
375232
489407
476415
927667
808950
822442
430292
205628
788442
476340
152981
476210
720900
911660
129754
350532
584954
638326
336485
622712
130755
444375
581752
209028
563147
114815
906580
204238
986504
175942
475439
316380
628486
848460
673663
481179
165337
658423
963491
868540
454479
329540
899240
885150
558905
943006
774949
315057
507116
288153
705245
777589
770171
393429
558578
875728
652082
859937
537686
194961
676641
540847
184072
376313
909178
257287
973878
871276
250970
108291
410948
693533
753846
906067
443620
912293
987308
762928
104390
993418
889452
744872
558583
704257
140200
105381
414588
152479
937585
665149
956762
400337
826283
288589
684948
185687
650922
193964
564369
553366
731432
494432
473127
217104
117937
223509
196817
917990
657913
951317
578859
215808
342788
294491
346067
112722
826973
796380
426374
355700
167803
478406
848232
287895
870026
318207
633177
870813
192917
969609
664195
441405
568607
838215
682074
930356
700428
821662
719041
205216
766004
706766
422729
614667
307975
866641
693489
725764
595011
234116
517859
488618
732782
322572
152510
776706
560982
417536
921517
186995
901493
461104
763151
910652
705084
148234
977859
502773
795248
457936
138118
452973
188298
183139
406109
688749
820427
500014
532884
115888
282346
820153
552669
713687
780525
690469
405189
908893
637470
843205
207467
598456
622357
248932
601322
189392
840838
182755
672416
236143
445161
270079
229716
895718
829634
673948
465403
439093
213383
521656
290742
183326
821738
278130
433584
238806
150707
236222
532292
518355
627439
174574
594770
516229
676400
773111
803838
643574
925038
774531
125062
651220
624306
951607
986139
942458
273699
892039
300992
867439
298357
250505
824511
659171
734918
866337
312885
450070
527584
312224
283011
872342
746349
728279
848677
591000
443418
256196
301510
277479
545077
789343
793113
856297
792478
334175
304276
162348
559469
780073
832118
191766
725773
853458
764935
575199
558047
407987
177397
782211
270947
849007
562137
923853
977568
545030
764569
639814
690975
584094
419379
136316
205480
987350
345946
310762
522885
714760
504468
106492
996672
659771
225800
818561
561117
871552
310230
719495
425421
268591
518091
531846
159487
435132
587466
859988
132429
973334
500606
101101
363749
275136
844842
551038
850999
338309
465161
601029
587894
340287
907410
114248
448077
644026
567568
854428
789815
991232
348251
281988
861185
605652
510961
595777
685198
248394
596631
407755
395787
582236
591656
739018
253924
235393
547489
294575
241700
440317
293723
964135
802402
414603
828836
574739
540672
994050
803468
132200
210007
325284
127343
332959
779482
781875
955090
905096
958786
639520
412182
657908
216152
267971
165652
410057
362821
878555
151533
367997
270261
251826
571897
769468
535831
749544
550516
984066
291167
821113
286654
558639
436810
456373
224183
254221
424881
301691
769814
476912
568314
611883
239603
421210
247473
491168
100370
650678
626348
984274
415467
669364
990708
144266
294360
400366
771426
845349
457503
114182
166630
917983
941294
707886
625432
882687
918865
773555
889059
311030
813012
694284
860399
591889
441632
555830
168878
509864
606295
472194
277094
355389
327579
204078
548151
984801
200333
263017
129109
183082
288797
685907
634151
182538
290303
296057
115625
125495
382759
417898
438862
169645
703542
663534
770446
931492
177899
278491
226742
608879
117691
151191
985400
398865
166587
306444
772148
239356
476971
461102
813332
781219
155189
628138
161132
971121
203838
572024
494155
366869
752930
512205
325775
202624
791389
591774
509727
309040
216041
424507
453702
927877
731876
188453
536856
127369
261041
958339
478825
331676
475275
197948
645006
869320
501199
794817
772399
902832
682052
609650
744393
603063
624465
579440
308190
379564
274143
789622
821696
638264
152725
932784
454760
488828
722438
930845
204026
526851
874968
540123
854262
849451
984141
972062
271912
273750
815234
974984
180161
134792
636783
526682
932354
632118
946969
284263
730671
752801
519449
603876
848568
884969
166405
561942
886261
929446
564360
323899
287250
385635
815306
506133
211596
438595
400945
210109
252365
168928
886536
567947
171821
463436
447892
724067
237527
895588
290019
897365
367579
666631
105434
332329
414248
916938
411264
323875
903767
726917
881280
164521
807521
392598
590421
367706
307326
324684
352462
911588
593226
393818
416403
989310
721605
435555
724355
440728
739609
257418
622384
729145
991472
721224
480017
499778
692625
448990
937375
802129
688364
300860
282164
172957
465620
943192
515516
975684
959567
176632
660642
586987
956350
577868
464674
230503
872451
360740
377011
939600
304038
645123
635461
852633
553912
747904
653477
141826
229468
586815
734899
843605
687072
216939
785305
427836
444293
594782
644320
768284
892419
488615
512993
330738
525858
224894
774766
396600
632524
134679
430866
346007
258299
437444
735947
147137
400948
622537
686007
716386
383007
964103
244172
850507
694756
700627
942255
677122
125761
858618
756174
873512
176803
512215
495037
412118
858113
397747
631472
434035
174065
149917
794582
229475
662116
735195
935941
220172
270513
906747
995448
891808
462825
837598
489432
453856
930812
186211
259795
713431
496780
835765
810872
654343
797931
946803
613522
114464
128856
799380
582223
480566
483450
161114
938930
200507
282607
133190
650494
314637
295525
406002
712142
449813
941950
556275
134132
599554
439243
876212
254481
165148
120704
888265
931223
121159
642783
670078
524891
306963
477252
495961
693402
704428
861185
142283
113229
813333
869981
491790
659394
119694
385060
319637
990901
741806
716951
286939
448840
583881
326124
693609
919603
801197
303694
829100
574507
309083
738656
162113
897790
843843
691061
315578
938372
308514
560685
625151
652329
192758
343749
769631
341462
544855
741353
673933
859070
518980
589164
562895
599605
425954
654887
831937
657603
961276
653899
775522
751296
112645
402579
748921
402763
716896
530434
845231
287967
932575
367154
820345
785929
157343
601083
374046
562619
639067
495451
637392
621103
478621
438261
933102
513026
326360
606779
544648
514474
569667
531695
276052
273568
216755
114994
968344
350188
199950
789865
986334
654447
859883
253544
490987
994875
376393
614244
765850
348454
428210
902440
767228
301636
902527
993741
271789
267896
197691
510793
410309
350154
649292
819355
109053
380522
473879
762647
170550
560832
948046
124627
257204
255249
295684
162267
340670
359433
370227
102250
766527
409403
353783
861015
144630
348178
641663
182809
544166
357829
892651
752742
246279
861757
995270
674662
642754
617856
469407
622127
104554
423265
154716
724794
284452
261568
831071
845616
611939
570684
963404
633324
781234
973258
835111
879489
559484
168826
391478
738438
702306
953105
491251
192854
258253
683433
124103
651894
258997
306763
186561
307163
794985
935994
803848
864738
727325
897743
360921
598742
493355
226603
689929
975061
419558
974049
401931
610801
137291
592612
906105
978121
977941
639708
449197
748640
816187
420631
808950
293528
777992
287883
971670
731343
724282
269057
398132
720551
315213
370723
677872
978670
102032
138385
459832
347250
603049
601989
108455
581618
774722
166413
733062
260343
678601
398591
646447
813251
251360
696841
779854
476663
899681
893786
624541
348360
976731
826513
463046
696045
341641
983083
269737
886279
595430
442048
327152
161936
112543
750967
628184
426385
614094
386802
630771
618814
976145
441621
861336
209155
647072
581913
398068
699241
287395
140392
215827
166101
635951
582072
853155
742298
856486
157048
369232
495910
375107
603263
339570
204916
687544
669123
953566
430126
399848
246466
584384
523851
791101
114871
736109
948512
859800
185370
970462
715452
376654
930681
149646
471499
459986
269193
423484
713236
189476
874146
584684
628495
199933
899083
318167
638517
907205
104589
344289
957228
447343
356957
434523
241388
929140
271207
598704
305453
245415
798077
187745
395787
585244
716542
735144
288327
284820
104711
719789
631706
483302
748383
812832
910169
293416
952678
309116
103959
543581
264612
213170
474379
725028
316693
664193
531439
894254
855842
841444
915223
892353
121589
102904
765104
496923
187766
537270
494715
613150
137758
643579
499624
434694
693570
683874
476513
841528
153309
699484
670223
255560
331562
131088
584417
501180
767091
900943
134819
502809
564645
895631
782356
489485
623916
279074
604237
369761
897723
927687
753557
800375
218492
717774
476355
121800
775669
696697
649901
399055
962435
405258
398579
296185
458456
205973
681900
906902
152983
555633
755548
713592
303673
752654
972584
686615
669350
986622
595957
194280
196556
159342
815069
298881
717473
538249
980776
103565
505719
216142
946872
596691
888126
732670
314576
689741
293088
210216
678366
464379
786134
522643
301777
709853
675432
652571
995163
675958
562953
259381
607414
779087
515394
163838
840892
921071
283175
464466
393008
334887
714347
704174
825250
722008
508681
989131
367687
417390
272509
851077
987721
114661
843879
384567
396367
427061
264984
572694
830746
103157
652833
118354
322185
564365
849535
609396
477126
516462
713276
937207
821140
525346
785250
872741
474820
897995
759057
864778
462408
810707
277856
907216
621479
300386
267683
917719
437244
151078
517379
534524
581903
380347
236063
561245
776580
294424
963526
955915
946458
808691
670937
179795
529946
559094
681980
636439
269064
584059
736501
481244
258872
304260
658894
292161
679207
464372
461504
749566
296603
754597
234039
195105
133576
908143
793309
348355
770884
207581
172737
700593
671826
948010
504936
204914
680377
782696
863115
755710
911873
116801
665201
204199
459237
476221
117365
400602
312385
712954
223952
403289
953924
503486
344789
269592
515410
240761
553093
299311
838699
411028
121280
813001
363374
657181
303608
268317
730350
935605
595210
181165
995138
253620
137933
672699
881614
967721
375384
910833
355369
385575
827224
855016
197797
517514
874089
326558
301446
682556
847009
360870
647865
432526
280868
818746
237261
817816
784747
768491
135647
793134
248606
243199
727952
915207
808302
742449
948193
843419
115343
579047
880400
349575
636762
283772
493399
880992
327360
546951
418218
525164
632017
358861
975905
422796
959234
655612
324307
886390
446440
417030
908378
328571
825372
469839
243260
557733
275155
702528
224711
440944
968744
898758
271638
408002
122667
879249
773983
487539
823971
757727
589674
850799
714757
128533
962043
804590
103370
266276
816834
483587
769843
386414
617900
419035
114298
333435
762284
692885
989113
257395
156202
744087
754463
206200
711486
958441
431561
431924
966271
482753
158054
202942
573746
469191
318360
949652
528164
568440
452750
116517
121017
827004
244074
288983
325656
100709
483952
492498
765280
506666
246406
748650
924834
294327
256921
438111
364769
908275
472744
306273
958700
489302
694338
795021
835795
951424
246096
134730
135637
696448
173168
286813
816617
706859
969676
943020
982768
482180
954958
754943
338813
511208
962149
366475
936658
140834
714976
933387
707869
165840
183176
476358
713021
947660
431165
331945
660463
641436
230856
291503
467257
737854
943244
611031
209543
524863
830624
904347
889321
339087
826445
747407
992982
625049
392298
114866
298643
692343
863535
468143
133754
840998
195597
500066
555991
116820
225242
950071
302899
427967
976272
897136
443911
639144
158506
438946
646391
455533
839110
994190
582088
762273
450512
826079
526128
824214
916735
787827
517035
824087
330371
452016
632542
742182
330680
745325
753888
206589
812400
734776
670089
836535
874234
232879
987033
504780
338286
960434
599881
272143
897888
979819
335523
194460
775030
260857
316851
502030
342485
811749
529451
232375
829631
332595
525951
506157
829962
270692
572509
173536
575369
629478
410450
886674
900270
960785
922297
780698
753014
846063
296964
894080
209772
747468
580205
874394
957175
643860
882503
810727
984487
106215
689790
258578
204489
816740
692125
258966
102643
855873
847351
133533
303537
471260
561525
290756
331813
656507
298841
231588
466767
740375
323659
804279
747265
544075
254320
826268
488763
466809
419665
394663
604192
360216
424514
331127
988391
768400
838063
399481
865975
785426
803030
634237
952259
573555
511658
750812
873050
108019
541959
749718
109446
419205
825810
692627
224259
104360
534248
111071
495606
288545
323049
268426
789799
376606
163025
183055
796123
360615
491085
683457
767900
677129
519586
442989
287109
664559
841007
776381
969422
214725
807807
504436
759314
697035
838461
217332
849077
257451
474321
424424
246588
816099
790528
859865
347051
520393
101723
290168
934726
546570
159277
296105
815192
841830
835286
881898
965069
844982
710974
905695
304259
637758
360226
892635
879637
414390
800359
139098
707194
960235
625516
880111
505485
495080
384774
928710
282969
995907
588209
688583
132905
100642
247387
425494
345220
422668
955053
621310
494946
720800
227280
732190
744235
329111
954849
672064
535444
308844
814916
185699
394460
863547
306538
345491
630552
562591
201354
735065
536894
395681
188806
233287
261074
601705
494062
823216
134168
293870
616681
145073
302984
104275
283683
419790
496404
481062
155017
163259
605657
916762
526715
343155
435328
200618
479189
124910
640471
752128
215340
113654
756921
857895
340089
462089
875570
262577
162451
462376
516265
583080
274496
295741
619625
645969
584924
523188
754874
748135
756565
214986
687897
190838
474559
105087
181224
376656
244912
671817
823213
956363
798136
560480
968327
211188
933947
790306
300142
391266
173090
841551
135164
907004
850678
725873
625737
747476
711805
291193
565824
874144
900098
443046
806574
329964
504147
418192
358410
308678
622860
539058
513462
391299
616192
587302
990160
446881
957468
114630
843556
749307
672017
310321
925961
118890
519485
791588
325925
749058
272678
593800
544664
997358
983266
831709
312627
690565
939209
757261
505308
881355
587827
558011
438220
127797
864240
734210
626128
473954
509682
258129
290132
595617
154308
440475
685563
226507
955940
195600
142985
677717
244099
425281
314780
349924
971171
997417
585954
999935
426851
214395
618581
726578
412446
941942
647377
985224
965420
490665
195560
518031
723706
137474
560210
794329
157990
877717
790874
311211
873162
186727
959508
253193
892425
381501
308708
671169
120729
723348
827413
861228
278153
895095
847906
960045
229651
165562
118933
424736
177741
601207
452432
482091
959921
480439
577509
496355
208280
778606
366628
619172
276151
997442
548579
147855
210058
890373
383744
654091
221488
165491
960310
450880
989432
831590
385826
186973
414755
705109
170187
151212
795273
946925
858401
589717
938947
874662
526206
352278
458533
765098
519272
493876
365401
402606
725273
648216
669990
385363
217310
617382
878199
523714
673310
558899
277003
209385
722019
706960
896786
258631
705346
315524
206528
408573
795249
723282
717315
508914
867980
671256
649163
242106
947844
695647
197394
319375
952320
813720
178731
989916
164225
987205
218940
343329
492244
650335
605735
557610
594405
409757
552110
955783
653800
731351
868252
334104
728821
528583
401628
421222
399661
339546
236626
395508
966818
752403
784267
316968
626741
682684
780278
352293
204879
502625
596141
750143
835872
685169
200428
853129
747846
205566
621352
571991
113429
348940
131666
497463
166711
386423
279783
178428
177279
322354
327077
955507
966509
494199
762701
286501
884314
684303
247360
654814
405342
315028
205355
835267
451670
456209
615959
668458
945841
740549
284297
590988
702221
191027
597500
164335
224161
337364
783693
916721
489230
291009
175180
591382
730975
622817
941145
281927
591845
917941
792429
966066
220401
415175
498832
881190
512290
820049
194880
160192
569375
731626
187812
640629
324849
171109
538146
253959
801595
265735
793465
973733
150406
736555
794304
227594
889114
195735
975401
179401
692300
260538
640441
936784
307133
933080
834810
318590
987265
606763
844776
722633
864829
288339
152715
579551
518454
360627
312857
570051
930997
833177
414655
385437
690778
126934
562894
636164
740618
397466
811111
766287
179534
730348
266847
236090
784126
815069
605756
561082
827794
668029
740934
751288
510221
818838
102148
531292
493578
483832
448100
752126
429633
883512
772976
489122
895380
316356
198521
326659
140291
878896
152711
477124
355453
978093
955384
248367
339335
984117
117982
774440
677537
184933
917182
886313
962670
693188
535409
278306
101759
122400
413186
941710
777970
531940
612910
811249
197329
777258
366410
908502
882830
833418
988108
547300
495471
337878
182494
103451
316190
466267
930202
870232
235004
106282
964295
856026
197925
466385
897527
949977
403539
103252
173515
684078
665435
157144
439532
430347
992567
361108
612441
702067
617312
588034
101081
723759
554364
695649
761774
796460
879432
647672
981867
446049
462734
232436
581119
246275
258942
937263
582359
736875
357944
606927
520083
268427
694613
815845
881898
929380
784239
109712
301253
318618
460445
988110
345280
598718
628835
980882
159415
786206
232120
252301
946845
286139
630638
441527
158268
793703
140104
546054
441184
425721
900579
228110
716718
904919
416664
214254
162599
277978
287742
709719
462351
399182
440588
205638
828127
436470
885934
903047
366554
511335
938678
579807
293621
939300
297750
452295
500367
689514
418465
809777
431706
424200
651272
413367
252348
740276
234366
754730
972279
784331
501625
392330
879118
544038
846367
489772
814042
215013
949631
152340
900644
125266
714209
692121
291319
635604
281034
821880
493498
760628
388791
559713
267116
851586
779699
979353
154233
709997
631354
765475
260662
621776
646666
801393
649502
190125
287782
801281
414478
429206
837162
655959
890737
463998
273009
301173
688160
833028
566878
790397
616403
292987
118437
707918
382720
541993
732191
613533
289854
257703
807719
578373
393889
535828
588288
160031
861646
596407
777288
206849
263610
976483
808350
799471
444694
337818
625898
500191
346624
753308
939132
192248
468638
289446
999670
613550
822839
917230
172439
965948
168018
910453
278721
773645
399115
100693
569313
611038
828565
553786
408300
639514
616369
737688
591296
306929
546234
315666
318931
336407
576663
639765
801483
655587
458658
180658
591933
126222
579340
788991
712416
244482
874298
565759
597303
392126
111114
503981
429257
268285
810104
355809
652370
209761
731981
177392
341341
469170
520619
975656
874853
462650
607714
344329
888064
566412
975091
381704
468884
762114
254458
708534
638845
498638
584576
532964
226993
682756
893167
586709
148132
750388
748606
344866
118794
161620
457722
107621
836358
622601
529409
307052
999203
618972
416413
563901
738534
310171
658323
537104
324544
927380
438085
287170
905404
444092
587528
261423
341186
916686
562871
116105
901068
905331
321321
715264
734907
699739
398325
473888
679008
644546
428938
580046
995359
217012
298682
346893
722020
580999
270372
915976
207619
485905
533346
406741
474583
953492
767057
685180
684124
787040
299955
299244
171355
434555
830868
623769
822087
727668
195669
701301
299731
576381
839099
953119
186716
833494
106678
104796
368810
154815
457910
332350
713803
465064
396710
447001
731243
441816
434621
249777
382106
268929
935796
796148
903668
234866
180189
274223
473760
732689
445077
955118
354391
434726
295970
371526
255273
695387
312183
477765
246338
316129
232544
307847
499613
926266
904361
890681
192220
303197
347493
301270
515128
695534
877013
936170
507407
597133
971325
593225
844889
529878
899712
602354
891013
704411
909120
673201
267052
373604
728996
728694
436133
449887
970431
430778
625447
130069
305949
830143
972964
614562
227346
793094
260228
418234
669695
310833
387998
415967
165349
384284
802997
793909
492885
572661
477004
772994
637485
958293
575244
686941
339841
380665
356322
734132
423011
640934
983720
124717
683459
577247
309388
325849
889817
896387
210060
291233
898193
123423
998715
415938
284339
716148
299335
924867
285335
644850
149842
957930
470331
143804
350639
498053
535557
391472
851763
556106
196845
454363
571164
184740
244441
312848
496058
868893
608726
514910
622978
106924
292885
960069
281563
633822
677531
507378
940639
718688
757051
890120
915768
454871
838403
568593
626418
711987
372417
553331
262325
767412
738329
524776
469408
941168
332965
262319
574828
389185
403614
124230
688044
275469
267127
142601
840889
144359
134374
713919
792723
669613
517812
269438
917372
525254
131874
499069
991729
594441
468666
479858
477454
331800
132841
662042
487572
829406
215513
181813
980120
254760
826427
219952
455668
955450
538048
675977
927853
987956
442956
523338
592607
311535
969865
287305
912411
829558
793581
362100
895683
198881
488151
990743
805424
911292
332589
718766
213398
365923
608232
356167
997584
821202
409108
110404
182929
578711
386815
630937
886201
739343
915501
128190
727669
413598
995931
742500
186052
998104
869649
349899
891506
212767
896812
304386
468694
420415
565039
100999
464829
286452
970095
609727
542839
824515
644030
390601
378113
557454
712429
452024
753364
256493
927440
630915
139622
338889
576338
581567
789508
252792
985780
579535
897338
487778
426675
644284
192107
974258
701088
362435
983374
671991
514163
639247
540232
303993
241852
347835
418325
266436
597721
206673
510698
356309
148214
504192
484674
977557
776944
105890
226518
463854
790392
411684
278613
171031
260275
252720
335525
650283
699131
104077
980355
461836
363075
651087
426892
397632
758872
690976
997811
433002
108704
654874
369825
645040
513020
911781
276205
376482
522258
662054
872900
403108
574731
739645
144440
651712
587645
851574
580995
478748
621499
271758
867937
546519
598087
652168
923271
849531
624038
887375
924955
511678
407639
586726
883442
778922
758115
620302
362727
444279
476705
311646
538300
773752
697540
209375
568961
162922
251206
784244
742102
971545
847343
640497
520977
666664
516132
449755
282759
638313
999739
130246
499464
814087
421547
210056
612072
433497
998581
359087
724988
998663
916036
776268
593065
868829
985416
691767
102857
131295
137530
527032
848191
197511
821086
737237
195338
572177
847631
896601
925791
125945
625365
412806
347485
388555
382666
873972
629756
193569
859390
471385
131645
790924
556899
628663
920591
950027
324298
647244
595313
182454
743263
895608
404924
976443
237601
775470
465933
448076
821416
962976
482518
143942
852609
818812
864449
754523
267978
836780
909888
597149
812469
471817
776602
175458
212443
418232
852269
459610
655239
571900
424872
632300
903657
255716
462299
890255
852492
213834
252870
817559
350462
931749
326384
418000
986536
473608
163545
584886
801808
427335
548331
972342
876413
154970
745746
907692
660375
786185
526896
873749
512969
673736
550916
166323
723528
420528
732000
565068
249770
544032
110818
358813
515902
503536
987757
270459
527278
649438
736914
480042
110586
850513
754116
855302
263040
522072
182857
655882
981539
590678
318801
592351
816286
705906
532756
537580
517800
982762
895471
997403
179899
436582
580192
767367
811522
981944
917078
395780
479371
575537
845221
640732
675414
479538
319698
352138
893430
555625
256159
537632
329396
826428
419449
276828
399242
828468
271574
207772
528534
186804
314313
494901
515141
908828
742203
630628
607528
355064
691544
996762
599723
997192
132920
656815
109790
519129
821305
911030
663226
857335
829255
695006
310827
813551
795086
760515
155005
478139
376116
226615
451456
889611
673947
963237
427545
585594
739277
720771
131280
478911
146980
375066
628611
216155
244211
916153
664392
365822
968763
467370
505765
569724
291291
600509
756301
819569
709146
444553
540425
929307
223939
974673
722638
210305
583225
614303
404445
263733
574462
861035
316419
818731
834908
139788
738569
446802
387661
570436
867018
963988
210692
770361
907170
706999
682376
355707
975953
803468
109873
432261
443865
291038
183898
476797
128654
475647
237340
693657
132816
404063
442786
379800
325582
581214
273414
870728
566542
464146
557527
271098
789683
899039
273697
313390
804952
396682
162936
695803
267929
556457
971160
691830
392971
977948
417380
794010
118143
871659
989248
692749
315890
801766
406161
677266
124846
965855
345425
402670
410456
442892
206255
291348
550006
347527
974409
576315
289030
878972
616387
882482
812880
297725
497980
816651
470006
496010
828910
198691
320063
665606
114123
609354
782504
780976
748919
484802
309534
665469
839307
569216
239474
879962
500954
332197
572344
394493
823210
307830
812892
253845
482384
650019
865988
255805
255011
970132
111057
647492
401167
832259
931309
844046
440025
302368
108809
384548
978280
457991
186272
909818
566498
582821
667396
668311
818185
685102
559564
633004
612729
825798
202664
370171
865315
296244
351221
915059
807990
836964
640026
670357
312841
464893
710079
472080
626014
921576
940518
997112
306120
658177
479611
707276
121024
704286
339193
517312
160870
405383
210213
176324
815715
998316
735782
774974
778787
445636
362881
968829
283042
824570
966305
907509
409430
427970
392923
288922
318538
721829
342920
757648
720572
423345
385951
901534
204594
478993
922288
666339
714209
773700
937910
831726
458903
756910
175746
709141
874874
277279
890061
153756
637571
460865
748518
487362
375552
607044
740545
541201
617369
278034
912543
799607
838895
607548
150268
294817
848532
548514
678288
772159
826475
967946
657280
755764
380172
595981
331136
740905
389663
554147
942518
458221
159534
605201
374108
105564
894789
918238
220816
808636
556567
821358
457349
683830
607077
558511
873892
330530
452578
730377
774365
421104
260736
749475
594101
238224
489295
124040
232076
828335
198905
231558
276875
338669
418481
986013
290549
485399
571578
789267
174524
239895
119061
416333
825873
456260
362927
276382
324951
575353
854081
897208
131947
252619
315340
465186
585568
674586
393977
498395
104418
350386
650561
588127
351471
384769
513392
861724
306489
239892
405512
209681
931218
477112
597720
786499
126609
724596
777386
571080
712774
962436
531060
982696
247012
888945
365678
115978
241879
885401
739168
419678
333667
574330
795447
413850
642769
138471
557974
134023
435315
747027
378387
545707
309471
547483
563771
405577
994737
593917
151099
866307
217456
609976
221338
168929
381742
406377
646951
392982
623265
146151
944225
380295
998031
439781
122422
165522
440557
368518
873008
662785
184157
265178
690175
545620
957210
673586
859408
237893
358463
445084
581083
217002
756794
227617
795773
959755
998167
237362
898004
495811
522751
873457
880984
894084
300092
170418
360433
558324
533083
867755
167897
880924
938916
195133
781154
357444
911855
102403
520816
818399
346442
992854
484825
266371
190713
610848
649907
175596
751756
448032
638378
696088
864774
970423
971038
845118
889267
481586
635484
898783
114069
701725
581183
427175
903182
668622
606325
992010
591980
124403
590090
962244
737763
817694
797046
316540
196192
105085
731536
954895
867907
240884
584373
277267
153790
551977
345861
219121
899198
890524
505565
747047
294212
159559
435568
196739
424300
468208
539126
441207
886989
692104
854176
907506
153030
518559
673330
323648
703664
814100
530139
460912
325482
627083
183451
887690
448927
895829
399357
529252
268602
698653
510509
206199
224683
823266
442607
337348
465657
371717
587904
893101
249856
213224
300533
871929
556331
735571
101094
445789
468036
407914
186237
812662
876653
533484
797747
246897
418651
453472
436373
393407
993829
364602
484401
694309
672617
316477
162280
128536
698988
532091
937929
322970
647509
997265
471363
745132
873206
321304
181215
120441
697774
164737
290708
779823
294548
946087
162556
111731
850241
680018
485671
405703
768666
820668
242842
455688
851729
702948
507430
284141
327229
798474
432845
299268
559552
704920
217297
716364
442136
994133
642469
772665
850260
414562
970253
340133
964102
599858
975650
133705
574237
713231
284998
325438
638626
841910
228603
700783
239548
270037
791042
671575
541598
133510
602204
990736
531686
852122
729127
123437
142886
612089
875363
891694
964142
300495
953016
927936
791083
423049
652591
285426
135508
302702
484764
509036
676562
699175
462083
312807
295327
257346
719729
155828
942121
240513
585749
413308
285255
529411
849210
212205
295830
913924
403802
145522
792080
665969
507880
574906
164326
845054
996739
153440
745053
190259
754808
324273
347645
614475
281453
449708
997236
128805
496849
208253
104362
839303
431440
492012
148818
445286
145160
534415
808118
847128
915217
276991
491217
928266
779954
941945
547596
995107
522563
971054
320425
793503
705536
104305
489628
150409
488513
190289
608467
505940
377615
608054
430880
936007
689273
191090
291723
290197
738590
497855
994378
192202
892418
486702
221516
523450
521295
977424
902708
976815
339840
950864
921144
728511
576333
526586
487679
217271
150259
966725
884651
298256
856349
870935
867676
878991
649390
986943
269739
839870
176231
680448
969270
984461
194765
130502
167007
565057
227190
489849
155750
349400
942049
405780
170682
485481
753107
194919
649242
348820
962392
382333
590755
604949
134727
190803
105931
785399
241211
236284
349813
482249
501085
544063
385666
773735
337113
760544
880523
108624
488397
617591
231766
459267
446541
749606
191572
827402
895522
892482
376620
782980
834190
897320
889960
395753
988409
553352
223753
930981
249169
492493
390023
553967
226054
751477
692230
860860
544956
318488
314643
487971
690347
998515
161514
146827
318169
694612
617831
181231
411723
807165
785110
992847
989546
870288
340005
353181
647444
969585
546688
907608
846474
350264
648011
406962
822274
446529
708835
250125
242162
275902
539942
404257
322253
796668
104980
439851
453834
802673
919878
247459
603667
826540
633575
798631
760976
111053
903474
939053
871040
999096
476979
331228
287202
163477
140861
164934
442561
583619
529653
709932
472646
719449
227601
520474
108743
392091
548900
988163
867807
561499
688626
536169
533936
214739
732283
390839
673868
517788
814369
279347
429264
385506
891149
590856
231631
563586
469739
932578
440683
353560
993823
573342
329528
770024
435482
636905
719377
667271
691326
855594
809292
131993
357148
585024
312246
307483
715235
939763
509254
577697
246696
191361
954981
475079
605324
511873
660527
303949
660850
976717
937856
199873
231974
200636
992061
565360
555941
889677
559888
105694
914089
219277
442561
338266
217648
348730
479603
622195
983489
850309
803522
710114
261367
676905
292374
482954
222746
946118
867609
805006
671113
546681
455980
434519
727437
101412
418906
815619
415936
434460
662678
347883
141031
893787
835746
181077
936686
491550
920556
999968
175880
655376
890730
440591
944923
864944
706339
385461
503384
130980
890783
396694
190548
710798
337874
961857
640324
463778
878485
952051
488470
363902
662083
715371
936489
624050
818476
132463
795724
139969
264720
107112
300933
934103
657420
740144
110096
701748
112119
468981
719564
251735
313381
466454
388958
370042
219069
958218
525134
655597
328381
644357
968332
864490
751968
309966
530686
805780
706299
199427
711195
419744
745646
486087
672597
317642
927212
657796
361974
329073
757448
682249
578093
662915
589996
392518
905649
598583
670046
274753
934923
231703
231956
948828
919958
157480
469320
896160
965247
487435
112486
865447
410994
413245
164211
711037
143679
435455
551071
389828
420123
591502
942700
742317
105480
310221
230621
426998
232758
561996
509094
737266
198694
660179
740574
912298
988697
598288
372666
736278
455265
111954
753553
401582
708806
491188
816408
886932
551861
687923
402003
116925
471485
850956
506944
585068
910384
429167
885504
608980
225696
643132
587129
906274
532935
603413
283742
649727
642855
379063
391715
182056
665607
638919
355865
422501
491920
167376
526633
953142
350689
195615
385409
841234
341118
759130
910062
726124
486040
395299
715462
514134
699788
567292
712286
166102
864926
190917
801474
314281
606263
911521
951892
103214
447379
553099
508194
383970
869676
304876
154223
459736
224984
472321
437847
174419
359887
843614
164957
961305
593821
613072
240100
421228
477347
399430
411604
334972
923665
758920
449690
350970
328213
429000
111647
154720
841383
708231
301407
837724
141699
773706
693580
651333
939962
520082
784149
441731
393248
244285
570887
631840
287178
515766
906510
675212
959609
663318
382663
854230
593613
547174
501447
165320
253211
368259
587290
948393
658904
661339
119991
335297
932294
435415
629364
375380
234025
182206
670224
144302
290655
213667
865028
553801
944482
767213
410257
828243
489441
441158
206937
700255
966795
738351
551359
864336
642264
913156
188682
347928
112607
479636
959839
720097
552873
600840
857539
882463
960906
353851
152518
135262
705777
673160
383201
435518
568147
839265
415944
202205
954831
422651
629349
641310
573734
212420
437565
673734
344003
627488
661921
862054
133224
407834
945446
942182
816261
154849
256598
388566
392914
973649
729063
167522
304239
432781
156651
108088
926843
121305
755189
937666
677491
281201
658903
912417
994083
938951
700607
809781
940099
553451
168450
141758
859410
469429
284300
332701
321013
895447
970614
404948
311608
365065
425292
574821
706721
750136
581098
138112
184579
382420
308440
777892
342799
630463
928609
774550
548370
598133
306223
413441
950631
853843
544121
385724
914747
154407
378216
801104
941681
478276
218523
313375
548752
295462
193812
281190
686199
452568
298114
131828
486150
332005
850599
290427
548449
325466
100799
591477
331381
588465
721940
604510
489859
170364
323918
146399
298033
572996
174994
796097
734993
922367
852981
707072
837452
952254
433792
421748
158845
731686
823759
326055
966457
751128
640161
716377
990037
122714
155978
935646
829074
409001
386547
780951
807264
775799
614363
402854
997832
986390
758665
460394
188674
166271
486786
419485
671243
141211
974206
291882
968589
215336
730312
665733
887263
455434
144983
363321
963693
731087
271221
995326
433583
915147
389144
169762
150963
541891
168032
567471
755518
377025
699972
557878
819410
860214
553478
619500
948681
220792
996515
288505
645799
127238
960433
667658
714060
809061
806075
583302
323015
250616
261847
349005
766718
500440
468024
363690
557849
204152
975154
652409
106535
880618
582403
665962
698928
444310
205909
601386
636283
364164
224286
277493
824952
324077
728508
487477
485719
522084
518483
356993
863696
766630
983396
864431
384074
584803
787091
263557
475392
489799
732705
927992
962906
666242
620476
820373
752270
336612
453218
621160
126146
656734
843980
591451
870229
758955
394713
528720
541901
520126
869907
750124
608375
250659
854331
535497
746248
298636
355272
199514
294376
649430
572748
705933
352871
925089
759388
683615
211531
630673
979312
839150
913261
110315
599494
874726
807636
169590
565033
205695
870237
279283
571209
130623
530837
887776
873623
429922
118197
762901
826720
207444
931857
186050
112252
998509
201587
731447
339899
865055
700060
855703
752725
288388
500372
973516
903198
652688
817962
757784
769984
608353
517700
456200
892454
867724
413697
483455
862831
734255
758790
801057
864750
882974
688764
631665
209599
196801
512056
744276
675308
663491
460668
495229
576725
922539
731890
517466
189225
764576
793708
898665
667598
453949
653103
534762
965191
233583
461661
164735
353715
983291
257588
884714
897476
716589
317000
315745
419196
535094
303291
506217
668170
901362
863774
421993
560569
419010
307481
886886
499027
694824
634112
668039
745205
565806
121623
265441
954791
755797
962430
378914
590514
398268
984157
563330
567985
967360
199540
150895
483579
137575
216432
976328
653683
716380
159509
714985
763376
131579
734602
755219
354040
771720
506949
862162
892295
634858
442265
789158
716031
531361
388422
202882
185304
935024
379238
781929
128882
399365
952375
854427
186600
925196
854108
245939
653385
285713
420882
730556
768654
623712
470124
563522
574566
872931
629768
152483
784004
631319
551838
988966
572278
264287
751656
349787
370219
210704
962998
790177
805851
501804
366181
515711
216710
235108
465970
548929
110480
178096
209755
930341
604076
174342
989455
800001
720600
988946
676273
563784
796606
848056
550221
520086
942261
904714
222512
786449
968296
841647
611526
258637
153162
246922
828302
274665
627435
969301
514223
732479
559738
779413
665871
362329
832067
500543
674119
240273
594324
518380
621338
392165
551912
388689
966855
652864
894937
224830
531867
736371
134788
713925
743244
960352
225613
685820
598876
846323
397231
379537
607370
866843
477768
610229
592039
786212
817692
126121
377841
495401
805801
480492
138041
444605
664289
618364
223404
580227
868066
708690
389536
448637
845075
784280
704012
837964
490343
159169
985051
817153
511327
165339
323709
525141
332754
921116
367844
676662
551927
431899
470277
384476
638873
891246
935946
644993
118165
747490
968038
669571
448708
896753
101716
763036
412763
871002
698857
856984
846236
907152
634309
566426
975925
253917
418063
863891
377891
778148
608943
213577
129991
965477
758179
227383
375341
105422
573679
458590
935820
320150
694746
395467
696641
456586
611772
819568
294495
279686
402573
993991
379340
344355
453029
919496
668425
885129
290118
876110
148235
818834
685058
333327
434335
703138
411857
368438
203512
719791
807246
853929
243428
419265
356163
716095
616124
677487
427809
346483
807130
969932
480325
126144
140126
862676
160106
700840
688789
657831
664260
256088
793870
743033
290413
593693
468354
101729
345250
357977
366709
586922
555759
339570
779283
788318
504248
603612
879697
267714
558185
770889
551608
558575
631678
458400
378429
568741
589226
966843
991321
647748
785472
685190
584243
267818
868984
642145
101539
584013
927831
847748
993218
747557
933711
420384
214799
810511
673536
927891
533755
578759
798414
911784
492150
310932
258450
220798
909415
572460
434584
668222
184387
357866
520894
485179
782938
673021
957306
454534
529019
716935
678301
935813
655178
417599
332287
339571
876519
562900
956891
956822
103161
566541
712400
492774
985839
219443
808890
886273
706554
609602
334029
731928
993409
565149
504962
308871
695687
945321
478138
226813
747265
352737
615253
600982
506709
395437
163679
813971
303801
434770
851766
785001
929374
267223
601383
429174
155050
951277
543433
134935
732616
623791
378834
425580
449548
976834
632532
903486
273187
651347
518727
372751
714283
431909
217137
238260
712115
220421
608228
509273
445845
607209
794076
979054
629421
750830
997412
774724
829766
185044
819456
217115
665851
680711
246006
806503
809681
647598
704505
642042
666868
640910
732477
587447
993881
869299
693598
342722
411401
922855
203288
765664
990024
734359
736509
976553
685484
912097
637391
797629
277357
685437
123448
705490
546806
180116
708283
586933
796630
684467
400502
490856
204462
705194
803764
347262
727639
304075
622144
919139
950662
630000
375992
657445
139311
842346
141822
433135
188488
238551
181724
602086
720867
782770
221763
640113
951996
190203
839483
756294
808407
290605
708102
850307
605393
486188
145549
618684
222064
670307
955375
198474
488701
599294
123787
979362
635089
744971
261700
860161
518145
143032
204661
186094
259489
670500
732974
922056
865358
416218
251713
860338
742009
213592
883252
540164
421694
321713
233984
698071
156709
815555
424895
582371
190024
654370
857963
101333
780552
620618
752700
927711
140712
461208
205385
389105
259528
392419
911632
585505
926860
266754
903112
679321
877828
959953
784628
495660
610887
449548
935219
806590
481978
370563
859595
417895
386534
397984
187702
851666
831105
966457
478819
454106
248721
473528
620085
802984
590935
729922
573629
554025
580213
650194
334163
394798
816700
353392
224002
606687
270609
240767
957162
257368
643113
948117
590372
751061
758334
668841
782717
253747
118710
803655
273485
369119
649991
823902
524338
379122
993510
182119
766476
996533
345246
955356
844863
990035
113018
532682
439065
383188
549621
824217
317042
546983
590113
678817
108920
388275
453006
214610
993604
304936
929781
264211
852063
136312
698573
521041
458270
422370
872127
483336
241805
290450
894001
454736
858709
964811
439521
533126
511153
181504
695930
603047
222140
654142
835572
360311
540784
742684
252884
638169
448399
601233
201961
797450
183701
207720
455694
918425
496598
581074
805717
174796
847309
618516
541653
155620
647004
546517
274371
117312
485647
190957
367827
220301
789193
172380
544671
241727
612921
638389
339435
904734
829447
780618
642752
737340
614940
762039
655407
855711
562357
899293
471504
379371
168689
660683
391171
898841
563560
494490
815045
917794
154905
261187
580697
922693
546981
148285
933486
437175
877989
591777
855342
192801
211819
827125
402198
568748
440023
246195
121850
926627
289780
782685
412395
851697
194162
319480
713493
973005
357149
400069
681728
928215
844194
262105
282898
591974
116230
155786
546663
586118
384251
212913
494943
293241
343938
150303
470266
635128
652698
920237
531227
293111
933342
871898
776008
912260
950675
388912
262667
217701
888564
714053
882066
353056
282439
135524
418085
687359
547187
771399
566270
629836
748348
208768
249413
894903
503135
796959
113690
843665
412443
227081
373746
924555
183591
368780
383066
199210
399996
231350
715031
907967
303087
633780
450011
265366
576802
890963
851170
425522
778813
887250
921339
609071
204949
929563
569989
302315
805778
226834
169389
548080
768919
178579
249220
965161
297504
101397
119931
396970
132473
265002
888755
252148
478998
356011
612254
331165
399042
355003
201609
382381
198324
596844
378947
910735
403747
546123
824647
694166
307557
246384
978050
143423
649074
822124
571152
519566
228074
941880
525320
626765
208054
979048
427494
140067
492996
941830
381131
299283
703291
476674
546441
700628
114096
864467
306558
264663
150797
991523
254538
183552
489822
745966
376440
454497
789433
461886
553575
472860
866409
928291
860613
713236
504383
649306
902656
324772
701564
157946
555556
974214
287306
929366
681386
401536
481298
849392
522312
213290
120348
411394
707927
121116
370692
971401
887260
593424
633353
113583
876131
600227
212310
980425
525940
848515
933708
703600
351237
989804
228358
374371
584529
378387
771161
757077
436687
689532
943924
928884
664713
960804
177347
346940
294461
830615
940476
793426
118566
779726
342848
400250
622914
334496
397193
222676
113896
900133
271682
960171
154502
975109
269642
197240
696174
935544
783468
180557
859006
452592
543438
891199
214501
118568
666091
737056
876408
742768
458666
204588
368659
291167
184611
927332
284730
575218
962651
589066
957947
735600
958204
584649
911138
768324
614876
276735
363707
550021
238048
587202
686247
247143
976657
243866
379047
960475
716474
377852
495990
109040
491284
121281
796220
592544
596512
893259
437787
191885
966366
679877
739999
433973
785542
290326
390256
541941
652135
379216
959499
637221
327088
533927
613496
848499
488039
125377
144626
327187
726944
291555
216957
526377
865202
675153
336052
133870
886158
120403
169675
883731
368873
310302
129289
621806
212786
122403
143292
349088
800970
490127
594137
406856
969872
880458
577943
416826
485073
689542
102397
310474
382028
411525
242010
389918
116946
594875
520714
633013
511790
521000
852251
949195
868621
619817
864311
736763
581472
229781
825361
279222
314018
763255
627991
104278
847850
152408
434977
716920
877641
394872
278294
390848
658908
747776
544186
215876
146188
741037
696669
239816
248802
223159
974919
778196
415154
632484
873916
119441
246212
394799
801759
708810
918493
562891
280728
714657
636149
157110
977446
826100
407132
873893
298569
735831
215692
699972
215986
681639
378396
486114
450105
747028
277054
397714
535091
494673
151368
692495
759570
231196
491882
395099
644650
159035
854151
565460
452499
702775
715625
530522
530770
518853
916793
729814
167413
251856
949060
672053
577915
477166
644184
752175
954155
879075
272517
531120
854087
147354
480259
386833
642970
508200
129298
851748
676665
537197
681567
126457
532197
762673
259059
773574
790025
586078
201692
602546
922012
486860
163214
659692
236005
593585
475218
932729
606950
126487
448555
902671
424637
864349
693179
736239
843991
782326
785980
465475
201706
189779
274851
460841
417383
543751
780993
504261
737616
150974
137387
296076
314473
659992
508673
891099
691240
259858
942566
159095
879065
223020
782395
360789
821423
842399
174111
517616
343873
691156
