213968
298736
701029
442335
415798
636446
450117
623499
306892
100633
419830
263990
771441
828235
316282
144168
703328
133034
434679
254925
357492
643112
199266
564176
341669
403662
588296
541014
245269
297305
709257
848295
969968
495028
887179
470885
308470
565550
515582
503865
806123
552825
142374
406813
397476
587714
377962
176694
811185
692763
628380
886728
684835
962653
933780
331786
213647
894348
508781
286754
665762
815991
782400
166181
639123
367366
936606
412872
448156
899468
663389
940324
336031
732987
387819
614327
485781
430474
227878
507955
824552
951929
678695
445900
925895
529627
968242
571380
689605
635303
385175
257478
531877
752181
268016
616248
579826
489449
285470
595397
516445
505826
317414
554086
968985
248053
236354
861412
582847
605097
138473
309519
790103
579639
458607
107838
498942
306367
273156
424535
955710
361048
937256
821542
663387
366723
313798
407408
401527
174779
130621
736521
126775
595819
471133
282065
362755
465155
275992
887447
176466
263794
868094
919102
320624
334822
211359
743436
298111
472872
554474
550552
526833
109010
860692
225850
257717
705000
834892
996877
410516
584283
987416
713380
613779
108898
345701
916831
634368
521427
594600
559076
419674
776618
741313
876781
636622
574813
254040
481023
334016
903072
592136
452593
801224
880382
574077
553678
886221
220440
365747
655177
374458
733616
659351
534269
510351
595349
476086
826284
221349
657184
434899
680253
638879
173179
588602
647450
324725
644509
930497
237695
704160
785341
300875
622774
600466
985039
993924
638667
939904
940804
371028
408483
933932
657405
879211
345137
266241
345542
989611
891416
725505
685166
417247
203580
625190
131055
332824
456828
630515
390270
790103
491966
679259
599680
445811
819627
773157
567313
583454
621214
558848
358680
391873
986604
764083
252697
414083
765945
240780
639552
903254
848598
596801
298252
210880
600195
995862
774676
191030
396103
519826
941145
549692
851506
851980
924486
470351
264880
808340
187607
739383
794270
258446
956258
665939
673459
906035
752551
416950
855972
482645
207498
158758
614512
184513
238866
281810
992625
492679
598643
741059
405011
710419
929547
280234
418634
751935
323723
140104
190529
704852
924613
689121
234848
688536
130755
741358
115515
591742
761922
207101
363939
952470
958369
100461
990766
908637
690837
181948
590204
586868
627990
469373
363393
425915
544855
774197
800057
971617
514226
877149
980819
994728
801261
265789
274780
979429
483421
427962
959506
324384
451788
468175
523429
388383
176263
463614
592101
549181
621480
899454
739446
154070
205936
722944
583948
765781
561893
360695
575345
563804
368978
891697
474753
406759
175487
159841
791200
722093
103973
634779
391334
772911
815438
355344
428602
974425
684137
620033
791280
870852
271948
455729
785693
459320
829537
514380
117445
120105
581884
543953
795996
779739
662064
285866
607630
826507
229926
102904
870019
319191
518430
220187
611393
515163
931111
957280
499078
417798
975941
478512
263810
395564
635704
613272
500986
667946
559026
481986
309650
293688
690473
902781
660298
914993
625892
371021
155926
160946
594199
948006
406019
949482
467735
723235
376839
847998
134783
906850
919489
473268
802806
457407
761357
552342
698443
832240
358981
682733
478250
661807
543733
165916
974204
312749
864412
683136
727598
697164
699938
787130
413494
868797
675316
780830
897422
597915
451676
373763
335210
452414
314199
691879
481254
708890
610316
848940
836844
854749
335526
716591
926867
317144
538785
578176
391466
178218
668030
877155
144510
441325
637505
699053
881459
370684
693835
815824
672546
765587
792863
108259
314623
628459
828013
197338
685921
222153
867241
774466
812973
946570
993080
578705
628864
982291
380810
961541
646068
904747
257682
894929
191311
156635
936390
743437
479339
804043
497059
826129
290180
233606
138642
272694
540946
405735
344412
766498
589286
343545
643694
727677
534582
653767
344093
441859
861766
689339
730489
518116
118219
762150
232643
356762
851804
312910
275753
963508
833032
826822
378155
354282
704025
942016
465026
389916
577786
897988
357544
825775
345415
762308
444839
275238
651143
622684
409458
601217
379793
737824
839296
980751
488205
886016
579572
773811
574029
433313
919354
968241
109208
149610
223321
926852
908893
666028
222102
974830
538022
732887
472499
353866
685763
240808
900019
509132
996593
791684
750432
636220
911480
977073
132933
112365
149014
353201
598622
856912
316948
464806
115626
821405
193524
336996
863079
150568
602811
249435
112284
890031
316314
222254
642050
393094
828407
429732
943076
724432
668081
990853
661490
663250
924112
800700
369564
679081
399806
927084
841351
146107
847508
662694
394888
360198
404633
688088
695253
281509
924213
622871
802019
177984
765838
389844
559420
853997
484095
254994
447885
806012
394854
389115
379911
959393
669280
231827
203311
805622
701424
743026
923028
156170
711572
928188
858541
426735
425318
347758
840609
447553
152944
574796
618001
222213
785825
428714
473996
375742
771316
313994
678368
989855
277972
828896
185065
298930
614883
441368
791993
379123
436204
713876
578126
551001
193226
601378
903365
548742
402500
596808
994533
918585
780691
629601
688330
503205
678931
147433
364304
721043
210349
247141
736617
773388
940664
873936
902771
237587
902825
180079
247256
824558
935570
311644
961477
292265
685287
442509
965784
365223
175434
971127
136965
393089
509103
122212
392365
104131
327494
338151
311332
685156
868617
320862
540368
272413
870204
244982
532949
172490
382719
431018
114717
501578
312139
156801
650571
705216
949395
676328
315956
230534
753215
436126
459126
433595
178015
840591
279897
276685
172644
154265
602993
679848
337720
882125
382307
574880
725557
394607
933232
540206
823314
925648
603102
313950
529079
300477
472890
760423
997616
390947
582346
788397
671271
979843
203419
654310
176067
886345
700829
330009
937138
536428
125221
663757
559958
208328
596311
225951
868947
434366
296628
732192
955693
993712
765586
742760
996786
311882
547760
117184
910783
684093
948434
202630
597173
462487
204821
264662
153210
292003
207018
267040
828049
224096
741891
480064
500427
844185
630728
741377
372715
516685
375051
730602
795603
383243
538927
861812
442593
434952
869169
865439
319060
698977
723795
228858
797981
541518
554081
282536
549714
689257
428085
831854
670797
869911
101698
657480
143097
182972
458702
603281
976265
495092
601478
778905
383945
660995
805538
356924
698737
963895
898601
866654
699554
420254
438402
885149
393464
813447
214924
573251
919661
569147
810803
530275
756331
214098
243134
661537
824020
768332
250051
636075
854096
825170
503176
935994
516443
197275
423572
761443
213264
188867
427116
283350
840671
263792
135686
509550
534524
836038
411904
738182
556144
875469
519768
706915
163409
726327
222385
116938
617643
612642
792921
976036
373422
891533
111747
827444
996942
361460
133841
289651
585292
259354
539845
517418
655587
341610
766794
843894
311922
396760
944079
473515
748717
199227
926871
348352
143426
279174
760391
936157
487200
759831
715039
336317
863276
305176
390452
859176
554843
517363
782703
877333
104702
229434
367049
881526
384159
984378
929159
279602
906886
562910
824043
486532
755576
982688
602626
735482
594715
590160
472666
506440
826370
989703
519051
187107
350064
364250
989967
670940
245523
567766
344427
436746
143592
285208
492831
504109
594641
944608
818124
827423
749779
859227
441906
665095
254743
154250
138887
482238
821457
602425
934479
587151
458913
829723
911929
536378
927856
921593
400954
672956
499029
929514
319942
387926
645942
172971
922236
245545
109622
185509
936718
128590
985893
459025
119694
501708
994218
337498
459591
844675
678594
331583
808141
776259
676913
106835
921716
423364
152838
903166
880990
782844
153069
485994
464028
397053
359787
851019
618526
826219
806368
586107
301054
527841
274336
172721
247774
399352
863122
200729
770007
663414
216764
243963
623775
938105
471132
260715
526744
465074
104696
728410
301829
827410
547748
865672
879177
517923
850354
930803
846399
463050
131113
651389
490619
892920
126248
810331
646159
198748
494546
176303
806617
480205
685032
785529
511190
938554
598886
171681
209221
246103
325215
595315
354348
617959
372887
270296
242622
417879
573944
637910
885587
975256
822588
444562
729900
641044
291013
976445
724133
301594
736156
858743
677886
377591
735668
355544
840352
357883
376623
664309
399468
704306
271034
437716
511581
954081
911865
573316
229581
221450
702578
151300
361370
352747
204755
783873
174695
304869
736570
502267
384916
876182
755759
270981
144230
314218
195841
668508
522036
319299
118657
713232
693850
253261
193179
257671
160288
964620
104172
373770
657291
706267
421140
443791
383370
468608
324991
229808
164133
653079
350307
669469
826723
431412
968939
176465
844772
462065
541213
525071
109139
743138
710931
673421
481916
188442
643828
825465
331316
463899
110380
488093
436250
667443
995312
107680
151916
137052
301810
288598
264727
942921
204525
848083
857773
813141
449615
283462
980023
204399
382083
326625
247703
485681
522036
908821
408370
253457
484173
804180
927208
558014
927754
909762
572596
876962
481662
674820
925339
297310
679980
264141
386462
410426
878306
187179
489926
708180
868208
796427
762841
702028
818694
936021
195680
230146
203650
846885
359269
810229
730924
660517
543020
117454
465285
354685
666974
776702
367594
908341
548759
680935
441719
478905
251012
106012
560547
123869
282395
146616
145468
598276
957762
968914
924147
366704
186216
260779
345426
367572
624613
173226
719150
374101
496140
136378
147680
880567
785934
879583
858294
387316
294226
319331
106858
460765
999717
800310
964942
342627
313300
897795
365162
142226
142944
760529
231725
197389
992781
922950
276556
952462
862446
342570
400969
910386
449243
906162
210169
490046
406429
245607
563562
313557
561875
263585
806503
250522
218590
154215
514945
975601
375634
243592
164362
336933
906716
171714
572977
989742
524794
863937
619589
264006
816991
840736
450664
788259
497204
821936
105362
604789
525077
691707
704464
413547
341781
296454
964882
450111
527569
243635
538646
980859
476219
267983
724917
419687
716542
832235
935327
423322
964775
169660
413509
823635
124636
560346
102398
201822
191361
936843
981522
626919
678661
954035
776311
816536
265781
990280
860695
218333
220748
763410
491523
635993
411926
702582
624124
430305
120471
355706
992051
120575
357764
523188
641967
301343
610866
158813
614474
939656
659049
715423
724038
153448
342966
846868
188851
189244
804950
860714
240544
438820
365665
449544
574070
911421
410803
920501
259761
719942
165553
262147
775131
423369
549089
700770
286615
534714
763635
664345
737349
940913
793073
481875
981516
162663
811916
928474
462008
136228
329180
556572
217726
332362
919997
357515
416791
790218
127305
942512
720440
999629
486006
910936
575140
718532
194298
448407
380996
425560
485912
938115
463200
963937
101338
240575
347200
721616
702574
506617
733539
940433
317142
700216
905298
658631
444568
954092
892633
358433
869439
356238
589204
216545
311119
926970
879287
138336
575983
284337
130975
668966
317687
805632
113996
190470
946562
898303
328348
698965
365311
375167
949929
283165
361332
598653
197637
852561
571227
410770
466116
863100
247508
867058
278265
711421
643310
766173
743188
122102
860507
355820
939798
434843
407083
320266
586533
498844
724461
436865
719840
624101
467423
289112
973552
204441
102817
586152
611310
963722
253597
958839
847657
130680
931857
727858
102529
977668
900737
730835
276364
464774
746395
522344
389188
216334
197578
716790
105556
475973
749253
514226
134842
452534
459233
780613
428496
805799
535296
887832
360213
373897
644063
947998
609493
112518
898894
231119
258204
310721
987678
590589
693456
447705
341595
746983
346769
598717
406318
893390
732623
527618
443697
537726
708661
701907
808793
404887
243920
238125
455372
398530
276315
271462
880400
264052
487045
350226
750109
466822
162561
843344
999449
870552
960890
237808
587962
810036
209165
495168
658033
403060
744990
104819
371551
463263
274703
897283
741089
788731
306956
752760
741096
740224
133764
806484
464858
636798
405410
623253
753898
976961
245861
780040
309921
508581
677799
606208
610706
689610
962189
873829
607447
657067
204472
627083
851798
807051
340033
981692
892993
876658
495732
889768
968694
331610
654649
723915
976173
746889
702147
992746
628131
147306
203835
601916
820380
830021
172737
871400
199932
676431
599547
301236
111016
737259
220016
999927
649056
167290
985984
135376
945142
949761
776671
962138
834511
915245
602226
414498
585067
590694
404899
615678
646638
734948
250122
930032
178511
833059
114510
424094
508378
775272
646668
452252
732211
700706
450428
460172
176253
272191
589361
798898
146326
709792
586132
889723
675312
381535
496361
433123
471254
806789
570055
466462
691434
979179
368159
613418
113390
223417
326042
136750
577056
905448
753083
584575
146329
706366
997367
930129
676654
611699
814030
577242
772706
321720
270249
751496
656090
469889
649898
324829
848631
332049
102883
602703
945211
773140
108812
108292
575902
392707
115182
493069
832869
432678
546740
877299
145509
204237
501779
965644
589268
714114
640032
549726
103528
403916
728516
502347
151404
394470
844150
584849
466585
369639
850366
648508
895859
695522
836430
227789
552368
515084
988615
636412
158004
187102
106792
194718
802385
570572
758628
929562
378539
424917
782973
738252
336534
418862
310437
102612
843421
395719
836060
455223
417053
874357
557213
372030
328764
843228
183881
470770
941199
669308
799055
306256
524153
410261
520968
677576
810529
875366
277489
890799
345262
607970
468012
243753
229916
503250
335543
247120
789797
658556
967730
586369
679973
952378
904676
548543
511427
719665
593210
991259
900587
569909
384551
487583
612248
102824
767886
848850
754433
565434
568405
217649
535882
242383
172939
885041
227972
185818
291057
555812
603060
391845
665938
147399
619095
254919
863970
830423
452996
182936
346664
896202
681529
946531
584888
716158
919324
858877
397566
762616
774276
582282
280738
311987
656584
355997
998745
713974
274419
531749
277604
348829
613322
207451
702179
236288
421364
497486
870693
929207
732180
529007
422889
556086
859138
247954
343157
348496
953746
861402
850692
548911
263297
736334
689603
339628
727531
240771
895131
577995
147171
848269
509767
447637
571272
676876
137061
929964
531086
306548
940079
646658
264542
715424
217563
608219
816332
674754
881084
220645
956697
335445
800047
578992
848293
187639
526293
586987
733624
685759
540409
529729
429236
526073
999479
885489
390083
158455
632094
392984
686998
275791
867416
188047
153350
975005
517882
962696
704074
897437
730793
682200
130887
821432
398894
818830
646618
560400
122243
967504
330974
668286
514080
836359
920824
632501
748110
556717
225440
944693
688242
623592
193351
314904
397674
698619
142188
401230
984559
723209
784179
686679
829361
425564
856413
962088
377136
153871
999995
716401
364334
504635
336295
727685
975328
351001
312977
589506
336144
168980
665858
899143
944844
733308
780773
391031
821663
460358
351094
926780
582559
470489
186777
795471
804707
393507
361592
429394
592588
880966
159531
492632
918896
350255
882512
445714
368876
704911
399014
566985
583842
940674
119126
721790
756189
630399
482586
178601
130968
814787
705631
121038
460350
545095
158234
149942
688285
934204
929082
561366
568286
921187
255310
200417
746610
913622
884737
449116
890943
379462
216481
768559
979637
694430
427330
545158
698253
942572
838489
589044
449301
468815
666753
379392
202106
513201
529421
717215
661312
321336
261766
312842
733524
248512
329215
987320
670046
265576
688828
220494
325068
539947
254748
659317
332858
308266
615772
403227
512121
726503
370591
874393
307141
775135
955510
766986
276038
939571
493799
848802
108803
464591
585131
863486
242329
940368
198056
356994
615869
220886
182719
244727
185582
170841
226886
413926
735239
551397
652208
805758
594031
849179
971814
721881
920089
988021
646987
266839
484655
629057
134427
262715
515698
509124
623333
961531
530014
812258
773203
366078
300277
718208
861543
292061
952784
119086
465291
567356
582793
967305
644549
862404
759606
406330
392675
407372
998830
878834
293349
189551
358056
790989
339106
355789
863578
618214
991849
930988
213256
290839
325846
782895
164755
654527
899346
773288
957459
744545
241587
973236
314096
422269
746081
182804
395619
209125
172480
683559
235524
530570
338632
296575
760683
883618
366342
515538
981077
766578
189670
123521
443308
584987
471311
129560
997578
891090
451679
942297
741342
643145
341293
989331
202546
996066
719559
251933
549192
142396
379469
668728
207103
682110
691599
581421
162621
844165
382836
126735
943890
989463
281849
326674
879369
114131
642310
564493
962383
543716
588161
392146
118971
789520
849418
219425
697271
351386
972450
169287
153065
255874
929833
593140
618690
286284
307415
144971
865944
142540
550227
562995
788578
881090
313512
108543
952191
607543
993752
170377
708951
837910
494859
273830
192957
761191
398024
194182
873600
293439
748058
576109
883896
150387
838536
218634
829382
243089
293650
576524
152082
731414
178140
391079
127812
411670
681629
629632
562982
417783
886451
941878
685405
294987
335763
517686
777713
207269
534064
112289
921092
739789
566547
972519
795968
547082
165672
748885
458683
545929
785593
157709
854766
207692
464478
808857
106111
679445
799441
714304
216233
261823
223669
732306
354524
615648
281226
272383
447009
741498
306952
900333
759749
446727
869503
819724
941964
682898
867149
629943
412851
483249
649939
152761
741849
134755
274652
119546
969242
851879
376897
392407
524278
553663
320215
189697
447873
513244
291478
545044
990436
178059
808904
926680
950423
704135
188633
709860
437667
564707
658953
896713
279481
737709
899786
201408
195241
549710
617540
790937
638450
817415
949810
842983
887102
656300
816363
873785
507606
943048
154615
390271
629785
805466
139602
190502
774961
738658
809942
406903
555252
281146
511640
591994
181589
812585
103819
417774
859924
620629
305560
289573
787449
439502
409384
628991
784957
650550
209206
946252
211997
645109
712359
990610
711823
836680
314624
645016
982552
224908
622057
311070
420603
201238
916167
312235
320792
893035
106764
576092
873340
459855
224471
910585
174560
144914
180245
272798
928077
991161
558627
940255
104825
910058
135363
693763
340162
722055
472261
139441
179558
215520
404725
422535
911720
853005
458292
629878
919482
531346
626164
934956
937357
983873
980208
503666
451058
282905
262853
321964
375549
152997
827740
549076
640742
960509
165423
259716
735560
297744
776611
999504
744690
144645
466249
886177
927307
725936
524802
741015
903285
215965
154733
550252
347309
278123
355226
233536
659402
151026
788213
999763
811121
283549
778664
829617
488849
151637
502334
214119
655824
524422
610462
833891
790510
460045
977239
927788
405170
126998
799753
647011
966525
242488
592244
152638
578849
230214
460984
110707
685577
678899
256769
143807
179080
192921
217130
439606
105783
439388
568909
967318
310978
547695
630776
880191
467587
501047
476809
727919
756145
519733
630143
917323
361989
302065
910249
966210
219949
458409
519705
730930
773672
789812
363731
994565
746525
607544
122202
488456
716893
142683
304538
428728
433572
662219
565284
339209
872129
821008
387787
516761
109946
696661
965345
240544
683412
807312
446833
563565
604492
399472
175430
502596
870311
699455
234731
640743
135511
911809
443834
372945
752431
440926
671824
891377
374810
160868
455192
218317
707065
614431
104598
260909
522855
796205
509095
517379
753044
365763
537602
399666
283015
659942
264086
944258
684154
560983
931875
806542
145377
754697
505891
324620
949381
832493
262737
133384
397399
898243
119759
551723
662134
152702
546115
987962
763548
472490
486859
796169
593196
653587
710101
130385
416258
772345
562675
385062
838425
185250
203454
430928
460106
241183
881779
601265
755106
431461
412868
171481
442086
820691
189608
461852
630334
437587
515863
612624
521588
716212
842964
800437
528054
699094
348162
153043
386349
347041
834864
769646
177874
254379
810201
792462
555232
616055
908674
459516
850661
114855
533577
748951
628793
655331
307234
973744
923139
765999
488113
214487
790728
664529
794070
317643
647554
264194
890517
286297
700316
906161
844522
947428
243499
163120
142225
447708
472443
303696
275548
331192
847005
152814
897050
208937
293569
497324
445488
750932
623944
910718
791918
912906
859774
391217
862079
235293
876676
665581
369942
995007
453128
295539
791135
832046
764040
131923
380241
455924
438655
897857
733739
278387
547534
296240
379773
612625
682395
314349
461860
676028
115665
328734
837452
378330
988107
695680
551726
734675
634291
153670
154838
481567
551691
662854
962540
495375
762502
755851
539518
132206
724445
457653
163856
893714
127855
787868
111802
132937
339386
328702
843907
460011
227098
370190
590514
901914
793596
875969
131118
625972
270673
812199
996746
414707
955168
287376
358714
544578
334266
666385
483657
216094
833958
615430
799742
168197
446799
664196
819139
406317
376834
938872
517668
509469
537042
302098
246603
797319
460339
715977
808362
373994
384302
213028
961504
865051
752822
459949
252959
548263
232214
406356
616473
709945
254081
252777
657924
976285
713794
694361
213283
681550
933544
904449
710318
569839
958383
225532
266876
381546
676476
837826
825462
207732
177209
607303
118352
322270
440724
425377
270730
703921
731379
987737
978182
110662
986573
357345
447038
369057
187131
831734
856587
223079
109352
108872
902962
990430
962903
894059
166857
780725
974758
818319
437510
285596
371737
929673
414127
305720
597275
115831
829648
136964
792244
909157
528007
226412
662797
347845
518059
383639
496950
251447
982137
577405
578858
441975
598936
710511
486882
118854
664098
562048
114608
136584
504636
578174
377114
958612
505059
799926
242281
679368
169523
269812
793493
598776
778759
416496
239651
116332
843319
249903
479304
945388
647387
512726
897098
686425
364268
910862
365757
199777
512095
168390
599678
766750
339743
773817
278230
249095
688580
263559
588505
369469
152278
831652
487502
729936
371739
135371
191651
849626
281772
877363
472854
735999
456275
698080
973478
576744
347352
217482
417183
640214
303205
159967
853916
726493
255597
938177
771566
920046
740416
337244
273160
125170
742060
802677
457314
173316
487955
237370
602071
897034
784061
540517
611570
552633
336941
847381
893605
486056
131688
869660
253049
208214
457963
196558
726936
920805
845354
729796
875000
217721
253948
183841
101463
558408
846653
574301
881489
979566
821668
939245
516191
888362
154236
355224
247257
536881
392120
522313
992242
229485
897855
176778
728338
124307
680829
706412
112982
195868
858236
611610
256770
980457
420939
446127
617031
385876
128368
731955
466403
591259
184015
645269
901979
882066
850239
721603
770596
144420
684446
757448
341520
831605
251009
748569
541140
899225
194186
510479
443334
899799
624770
205221
418522
197485
230831
372148
800454
843239
863803
778052
573720
381579
276118
130211
853951
103300
954988
102232
876434
932246
704286
763779
538847
871054
450578
154755
221680
484081
207244
859049
730588
304738
587498
800833
894052
364609
689060
633799
682903
314688
164029
531952
920835
870900
346334
831996
489167
809205
187285
242700
838646
999080
947012
672004
145930
732190
665807
570453
155475
335474
214782
884218
718855
716494
700627
520359
735713
135460
539704
112874
445773
948284
285845
346489
484026
458457
130442
837802
494198
229685
446721
646357
577157
222361
965452
721833
620196
469927
769851
247104
631288
319023
474025
643819
568091
807496
397416
874010
197314
934661
333183
281680
477089
551436
938754
179622
621891
281737
881669
882261
383629
234393
434706
852963
255329
310581
255627
631660
548666
366506
620012
194228
452127
607781
756523
924073
378975
646173
704249
748530
733935
210738
430564
982877
662622
763691
555639
845114
613267
917086
204010
224857
433514
706217
543485
857253
320194
628263
547813
985045
936749
457371
601721
826554
551989
748845
671025
245180
228998
193509
459069
120458
296345
386577
417142
880108
880370
559518
465078
691624
827369
420244
171638
855416
492274
363796
297924
600390
235117
763898
266305
998864
210968
715495
150302
993517
744167
785334
494234
224255
282336
199527
437764
197064
857772
210000
824428
218489
277079
861401
346306
934523
673106
810548
615714
384775
684750
991876
275202
683475
442415
332985
286688
122719
656085
938184
136430
664236
137212
939321
188730
997633
341101
511872
402565
852353
670033
954131
964749
345148
165907
872892
816135
690963
312704
902522
463024
810871
859199
748907
118156
947502
254902
909010
576981
853735
358373
808247
808315
105565
962890
669794
625573
625511
944447
506523
517320
120647
216688
211041
871433
244517
764776
295467
109047
584376
656359
311123
600424
687939
686035
973311
632667
671410
663959
125820
381710
393823
764576
489677
306239
888168
754050
975838
613807
453435
750353
509318
264383
561853
138085
646951
742981
947654
590868
327892
461757
865691
878243
100462
848900
371086
547114
290020
907723
697260
941587
396499
362813
198014
914815
523069
588431
299578
535862
978385
799394
209356
312236
377591
321579
722592
448938
523198
348075
666957
607694
194938
468808
645010
429005
520453
793275
990983
734538
321894
350753
872034
512908
977494
302631
443479
791809
990835
548629
290669
619341
953034
567320
913436
910910
207163
245290
509160
671941
995407
398392
772543
980710
749974
217077
272907
751808
976371
571944
862928
960842
912971
159318
542432
794632
386723
579857
894406
576112
369107
759511
677075
542718
952320
966045
752993
415486
934454
202978
179628
739142
111368
767278
611556
585860
807738
210084
182507
459967
828380
850314
403109
137823
519360
987229
833769
422272
203463
573444
605257
925240
357888
286936
691252
186422
669376
790241
641521
891810
906722
663937
689178
278409
743841
282209
669284
822261
891042
187319
885772
155121
972082
984566
263922
188823
518136
804296
418309
586624
419043
475646
869698
483999
591943
237038
134244
612571
568592
967674
603950
187295
887278
994539
143596
489846
620965
793736
416672
941219
566032
621060
165554
567356
365307
127514
639037
120653
281156
972091
863728
989658
198832
389685
714226
834625
652373
892574
890849
774062
808376
889197
723426
840378
924846
497256
657471
974185
232844
151915
787631
909238
705174
874282
462709
597343
858031
678022
946524
459595
507652
208824
457695
359220
384264
418513
531089
206138
814914
669503
110292
485565
292649
226740
908116
837848
826395
529551
952021
930628
422068
412096
161936
839635
819436
612686
153023
644504
437827
553369
352154
195517
301074
826318
246598
452706
885438
255225
795242
831249
364230
605067
724239
895095
981016
309225
927339
315959
792401
336191
536017
784807
492905
509434
899956
962188
458841
928915
539155
222166
186266
674105
593440
977041
277447
607745
651289
832057
652144
720796
728535
386331
177672
321436
378991
164953
981727
452482
769173
729156
826070
236226
438539
513761
472273
539812
483137
513102
205507
785965
659622
368648
981444
549937
835639
476218
651967
804469
882965
490476
876664
890288
521158
551280
752856
243250
453092
735025
789971
684169
676326
805931
163470
185938
129051
719588
239696
818933
355381
180997
327104
106936
517637
684090
898831
553233
342891
149049
819292
129428
909707
650882
752008
723964
176835
410234
570527
753509
754438
185343
236256
418939
595652
753470
448378
458800
110750
527416
552023
260916
968347
294869
956345
427242
149500
421409
258233
847982
479708
401003
377656
215586
788433
118143
236041
214561
566569
513772
970526
962006
319195
125201
435252
484265
366581
108700
265573
535831
357401
551036
786583
933034
355270
856262
727732
115690
859482
931214
829584
414225
970412
805129
741491
984718
677086
838392
368143
455535
398224
202318
936726
355750
314106
805950
655195
719232
124750
714669
608340
896319
640456
491926
132593
588143
321792
663894
541617
430976
226458
775274
494778
249361
402646
656646
486832
945973
153529
629921
406571
739455
909628
996458
996060
508175
733374
396573
984034
553315
695660
640217
764357
766904
604660
959993
584185
531538
534650
529363
817261
606875
137762
465689
190851
498575
381066
874562
916779
958317
336421
335463
894107
341225
997012
452683
455373
809990
168061
944486
498583
423585
731664
926202
633804
907277
224341
392149
628485
278370
982099
227722
177789
269078
387031
373275
110886
305737
376577
993824
191062
900157
767552
991344
172963
913150
658550
667975
173718
495519
349549
254133
368183
318987
668116
998521
812345
443147
838515
159443
850348
451913
827707
918111
587447
835207
449848
831762
877096
783686
309179
578739
252469
124772
603540
898087
140853
974372
690333
514134
380404
165072
976696
651082
587585
888116
671306
525730
858495
835058
482884
261085
835069
760180
345839
487103
442975
728142
524465
841536
890488
161156
780754
934438
594966
756127
295114
547143
907576
461543
462118
266924
567499
398032
352577
542660
763789
260369
402776
431442
681713
701485
669593
153934
591923
808441
902341
693199
465745
418786
392368
361477
663050
354271
310926
850793
822535
603374
446923
867465
363281
228127
701068
605545
648908
543120
526451
316245
327906
278810
397193
958374
663748
651559
394046
298773
432385
502918
805916
243675
510822
578560
540819
770158
796045
886944
877421
122181
975259
829209
407957
290399
229017
191134
904752
534840
768235
910820
182764
833511
820080
944876
203777
393742
195997
146550
897796
905156
215194
155808
148066
961079
399675
516687
197778
443943
624122
967387
923020
927816
908635
271824
637478
613133
977680
584515
913307
839639
857820
218747
506835
408227
297721
446335
101959
375999
711474
759625
165707
474060
205960
518257
787367
839584
478557
151251
923422
791231
507411
537997
275566
127521
456916
975882
615701
546142
613320
609621
231146
444151
788561
795258
138402
472586
887538
565344
668810
630800
818617
406930
875450
907376
395321
780706
159560
653262
283454
490896
154601
803917
259657
396910
295691
462197
271857
939139
254950
366219
748975
832782
455831
911479
669600
596982
324006
772331
440626
879511
766083
625049
141116
740946
914132
484595
548842
719728
451782
275781
571458
400119
810886
938949
249239
236811
687299
441160
173999
754193
374963
680091
743870
633653
761452
297352
954849
705646
634276
335342
812107
607148
412252
535032
771362
832365
679854
553917
993849
590627
610747
754794
588373
895406
617261
905678
380375
340231
712885
321841
634789
562036
421822
492435
359687
887142
714474
922197
525271
713039
124234
239114
226994
324431
741361
130237
922954
800387
875346
981791
629770
173345
350118
413686
544894
114519
206486
507891
543889
487333
659309
596367
983873
229820
159153
193910
909463
381011
423142
482230
572530
389639
983231
259653
405933
379842
586264
320717
649488
910372
280850
184541
891391
448299
545520
538280
751266
260307
510872
897803
153673
884221
953700
587145
436929
561973
625859
215578
114314
889009
382066
333479
178862
966879
801040
177257
707194
861875
814557
465950
335882
653611
247920
578750
511329
578826
379559
571983
850554
811092
744281
325656
482594
699548
306741
888709
813314
193237
303967
579764
370800
818761
223555
665911
734565
234263
414653
265494
783087
959858
486854
834679
972775
715627
209402
552662
695043
333296
280179
407659
393856
357706
881836
328992
827336
760648
374831
909920
262031
685803
367965
914722
543082
171011
664175
316011
971807
118047
706629
804234
454779
977654
728946
637915
742674
405332
566944
603182
249453
974476
668896
691352
423626
326303
597285
170234
105833
201207
594620
424548
887259
413418
427372
879849
269403
683055
331879
145585
856399
170913
294532
438195
839947
211923
424323
614878
633407
202082
854166
797971
499889
720471
180707
153154
469255
818501
980232
422735
543537
339990
171273
972256
693448
462682
136047
682493
951541
903513
583302
178494
388260
233697
838903
582662
913805
856294
344403
976823
391624
933534
431739
735862
212170
674598
435809
874132
859419
849890
594424
242122
367085
967298
911167
505312
203935
855505
503319
342115
449270
746514
234288
528400
839351
526724
253504
252912
801415
918133
366780
293330
735315
262419
816925
363097
455926
996917
209940
192049
294122
893969
387816
303407
367009
378947
891055
818435
998677
566711
102541
347625
313278
591282
806187
565367
109307
221558
715747
412615
639768
732975
402810
171617
508249
278079
815862
488529
292810
533150
222482
710082
327020
123713
284506
825036
710265
979196
328894
145628
248272
316066
721051
747834
718611
646893
148343
448602
444848
167721
671027
576241
780501
489915
555067
144313
471898
260499
582389
740045
192679
801129
980778
410405
476263
836638
871119
949510
646979
404222
613384
437715
965017
163166
578935
119621
820160
735712
224776
672612
737565
171876
998308
180418
532095
454858
577869
356021
553430
443413
332468
565746
703192
604076
205953
689051
613041
712766
544542
685880
312479
694190
169644
507724
631213
643762
755154
309931
862659
401076
589065
578492
548880
537318
895680
487981
951895
122213
916866
732386
680088
684918
513312
880570
208712
453198
194445
151132
583742
205809
920331
465094
789266
226720
260200
215292
867520
544657
453756
503956
212214
533140
161443
488451
618871
864783
961152
489556
527925
515833
623150
921379
609424
488231
470875
565074
352843
684454
116829
982224
409470
564703
156427
581080
243902
630144
463407
657460
207277
321793
703835
580218
663880
811642
128864
669173
599000
820505
704229
588870
630111
307650
205861
197061
130822
607667
113597
900684
908786
898236
997008
795719
378507
923682
826773
887053
512578
867594
120878
520911
793923
430374
116619
268946
409161
330539
439679
469918
441070
873728
424266
670385
637262
567755
728888
794046
219811
889181
975524
937410
854293
689697
759746
134801
422442
556538
147785
525328
642143
710973
303865
544590
715769
823756
611756
949909
495246
571704
803913
101399
336411
357205
312331
379573
244343
174122
425900
696890
170190
629605
786624
478750
583318
888587
486680
354105
475991
431237
781697
170533
854436
570996
274496
420320
250502
626600
307410
872761
403183
621323
950343
189958
706833
921940
983388
475505
146215
547075
454465
721484
671072
570140
214507
629806
289330
586663
243050
922603
631842
390782
438198
180365
525680
536801
853970
559463
796224
776632
787008
208758
249263
220022
780859
579584
294695
507439
270006
166501
876491
101993
129135
612050
791390
897132
306097
967443
701752
769165
552242
939859
330382
507223
758067
554384
879430
999631
915221
493966
216117
943045
396263
454210
523225
862795
209986
485224
221269
221106
476068
136961
975715
461272
342542
795727
200535
560985
575098
518528
134046
958650
105674
454592
795459
734879
583360
991737
553294
742490
510968
763329
926357
443389
827326
457316
850942
878336
327645
342325
678651
194445
211144
985062
367259
138556
358582
740264
204001
547127
790204
472018
922106
123164
562421
807542
928199
626646
674706
882605
785503
998868
905670
981221
939093
792203
983995
908912
857679
285183
733427
705238
146498
847782
724170
389737
300201
158613
335541
605531
718163
834409
120911
576926
122723
297582
684914
419560
923952
676946
655568
192262
238136
444274
595442
667032
617333
327717
612494
528778
223520
371366
517896
465448
174449
426032
323572
606533
612259
502896
515854
858079
772223
627078
911254
248197
837425
291519
419030
306826
123150
798549
690700
368029
718632
955927
161418
926782
953348
744990
132770
321666
709693
573669
856067
121870
540837
468609
595350
417757
609800
468324
242420
644967
887106
474490
554150
227393
489702
457991
960352
520440
121116
537378
156018
186873
928175
336978
355613
111811
858139
273952
828967
142095
830739
674826
159206
105944
330197
831636
846414
849894
393643
525131
516330
699964
604219
415627
963307
107250
504962
610674
167058
910171
845875
621973
677177
421695
590480
451072
923218
164172
958336
304399
882936
727542
489860
487245
101463
376485
369677
420810
338054
656412
820042
427656
144126
630309
103379
556212
112426
383044
980795
498276
124653
263991
793788
187617
659914
908136
626718
574361
973236
283082
693994
398427
949020
931838
729429
515048
668396
790079
140517
205056
366697
821670
697153
326787
270001
271503
191412
784661
575971
400300
596495
426722
668540
314177
830952
221795
299681
954544
603201
365965
626225
207852
273457
173309
211926
884050
419220
646253
445116
700860
830368
855387
766902
897939
549112
736472
664173
408453
928589
898540
421382
257065
545229
881385
174672
376655
853556
224997
108744
567125
818480
662228
531911
867671
827661
862086
350832
135325
334785
681684
721599
222226
568250
214460
982793
341892
689686
271320
665881
568819
451944
187065
686463
613833
879341
338514
487613
207046
339896
693586
822390
825326
382994
571959
764537
261642
212950
667868
792162
473547
594187
424841
975967
770518
157681
658072
979867
965130
414874
757784
511460
681385
703736
130959
709981
988211
803056
115647
289962
665013
639812
106107
360770
366649
869183
714926
465249
796705
760513
570500
637576
821339
635769
147933
515206
432788
833197
293824
159196
378851
840988
561043
607575
551730
397772
432699
780857
782325
838696
185469
832510
300693
210041
605672
115906
368742
233766
775046
426677
367173
382866
190963
580742
439601
859845
672137
251419
472680
898447
867961
204679
421151
199301
876353
837145
257051
852942
439345
929788
159253
606594
338333
574265
154433
578376
947176
278331
707696
129720
402636
514773
302984
787157
592699
144898
826008
753478
471393
789020
283270
169870
957727
801934
533104
880728
744720
231636
361730
715077
642852
416967
756200
485948
355310
311655
928740
723008
917847
939797
672082
881153
707417
116753
184321
133483
924573
186330
945695
645159
649676
314954
340832
670812
999845
833698
943611
235056
628480
917074
149547
488068
397611
248142
381028
704542
702306
109924
472017
778070
183963
268216
937540
402636
828044
905573
242183
725566
194804
783504
312260
483097
172844
349827
416802
270269
119999
930921
786953
653267
201797
954759
961507
909474
358845
976191
780876
857263
607045
230235
653139
687002
915778
327183
474025
206500
745031
733324
957057
532559
996388
594087
274250
113496
414623
680488
640199
161404
701795
133231
861316
662121
117329
449678
675208
383878
964574
441854
326708
319499
172732
762417
948455
719059
505092
454086
871178
366337
518702
683848
772703
151092
426469
144106
736567
317218
252535
923219
653945
757536
168115
993360
856886
220178
263566
946314
140628
267633
334657
477486
405782
911936
135937
862643
454829
863078
690533
260698
462662
681032
848389
218356
572653
749584
597048
118029
880672
692426
176915
639813
846816
879022
668555
788562
481722
551952
939676
226390
936111
609086
558239
213847
893093
245359
928742
591780
885215
781220
242181
336568
876480
555440
555994
464658
135874
770264
681006
379899
100095
705678
749314
732679
663649
800866
826328
294282
660824
529733
479419
865175
801076
590275
728733
708608
675940
103654
985904
932815
273918
753789
458703
596550
850928
825353
983119
861975
178339
405719
600566
865375
301424
336849
108604
256262
822113
600991
759175
275456
185624
891843
110941
267380
435674
717292
374800
294245
911987
958785
351579
946860
431423
490005
886755
543023
260253
462611
691518
528663
112505
129792
609885
608761
370437
420945
825866
841205
152034
754707
174730
141288
704299
660706
463166
777519
461700
201046
366018
231987
902174
846633
389674
587410
460942
742157
971288
625380
967428
398302
582577
768447
761374
672412
128315
221549
102954
931226
604526
535042
972237
456031
389550
641833
367331
693049
467149
596299
871355
503838
943117
779179
825101
123726
554000
524502
875536
526689
985127
847616
311984
953348
768736
165975
908636
815952
798013
503202
403954
725656
335968
503580
145302
560142
387493
987850
552912
807455
424865
775019
313806
773279
238339
402370
787158
733777
395245
169226
751684
393204
358616
762230
567890
794617
626879
159833
361308
252792
548485
155693
109464
534776
871021
919914
422460
458656
523570
335771
202618
729007
306294
567859
504934
313385
510112
767883
967900
940715
676906
124948
940008
915965
715979
816287
660890
948479
606723
676781
638788
684636
317322
667072
208802
890374
314102
866722
579807
655845
411940
122988
508131
815318
430787
437244
490170
680230
382719
940718
913626
253874
372016
153557
323782
531638
417596
500718
549918
330886
540152
213700
278296
132936
517137
596539
640147
712412
870756
651586
504082
816232
424957
810135
344643
946387
880251
351664
375238
665525
186393
879748
829279
290972
901592
613049
954307
728775
351435
932519
554985
229202
930052
481056
599770
592670
228049
384193
660985
420919
449837
511082
583997
391844
564088
750766
335029
721924
107773
249712
102211
541436
583473
577204
229779
908268
798885
648599
790865
671701
208842
849794
818508
774934
952380
967810
240085
595089
867374
959274
539441
224616
534185
369957
800853
679691
870601
916353
393519
882731
364512
175108
766453
357902
745739
717542
413401
488641
172808
604716
484468
480913
532643
636572
666373
623155
348692
489134
973410
671236
631281
438529
322835
693003
450336
218148
321257
342397
124993
846220
764965
832930
735908
735624
178342
480370
897066
275939
600390
709491
993738
989473
906975
950206
988516
206837
251868
592700
214959
543454
690383
192704
295444
165919
496524
486748
985169
690615
787525
710098
152498
989764
369841
507110
899315
475227
572314
585418
942002
508023
636964
852206
692738
479053
255799
669616
437501
364221
957649
201716
467658
400548
524996
101806
923630
917350
630686
511801
380548
938579
148099
549808
375290
272326
393437
695704
275134
963796
310439
965757
555725
284159
111901
709632
271309
205622
808452
971008
881193
590547
209092
217646
122498
952318
386718
119697
547724
442766
634756
215216
483792
704557
266177
221632
264388
468580
818952
857216
691990
672475
295821
831134
131722
423983
549056
350750
647524
441847
683252
597754
714987
888908
949878
386931
459197
591251
386233
870434
302711
288037
121704
885087
370571
322695
858254
949944
987764
545711
483921
175204
318220
729645
182181
877645
243802
546820
610650
581935
245431
352569
944073
155643
283494
621717
499990
567951
812281
781467
593531
813015
103948
565337
184797
392579
941260
980314
803308
442540
415972
272412
112657
683949
160853
629246
855889
943157
699389
888139
476109
915350
733935
772481
419010
486403
596079
694304
625029
984549
739141
223220
682731
964220
472374
950634
621605
519806
418047
936964
410124
959620
693860
630545
226597
592728
645996
350988
573390
350928
235408
952531
124801
993105
632660
808944
615843
440323
878453
101681
717731
373961
670466
943378
563989
628027
295926
717873
489770
329001
450170
888054
422126
586442
713289
398298
153534
855640
410654
277797
420234
863317
581595
541760
266986
102681
563004
519577
164144
939194
666209
632215
873219
661291
691968
134263
287389
624961
951471
847231
587677
909825
323232
605068
556846
144701
532772
885865
361544
799641
154327
523519
473364
759288
922382
485800
726682
776290
552067
329978
303650
517478
770139
841599
951066
285188
504021
387613
261718
221111
835518
290126
240370
749213
399612
563884
763608
477134
787392
494271
132269
489895
648401
404656
854288
117962
260846
936582
705057
974788
768165
175441
977718
332519
724125
665321
424928
406296
136637
200260
241976
791457
186345
999158
475187
172543
807266
436014
761239
286441
324369
743698
569678
975728
374748
723612
175228
403198
235980
640620
169118
893372
672652
837371
891897
997648
407553
389517
717357
972842
479281
531254
484603
963253
981833
833530
348954
394329
779773
784692
507947
424547
789594
792446
936326
451813
723773
828404
940439
679194
384969
321471
967765
421722
647508
961836
528184
685230
958879
750948
677012
959244
467614
257953
309938
834460
256421
393669
392402
239559
197605
698329
905361
835950
684909
161297
653309
178902
316769
291955
988572
311615
476684
406269
798409
603659
829394
207826
818506
726026
196762
822021
493057
125243
956713
344057
113181
472596
311182
146656
701122
223243
393565
321972
590968
702611
217532
875825
226232
391614
217937
663535
379354
288043
638880
568773
465083
221955
477865
961084
475865
917905
791289
521907
353106
328278
460742
897813
803117
480417
596756
695661
508163
422108
706101
687284
845641
567307
480327
316360
594565
897757
201992
114076
736018
479726
341188
822163
807034
148659
377429
648957
774848
173373
643631
982942
232346
978107
673649
636834
894281
442891
840376
570781
495500
767589
632446
305905
154858
258101
278281
428188
695741
996274
441129
337408
797136
328352
947353
375593
793135
276907
113071
320844
100714
903739
232949
123649
830986
487501
521917
798493
226152
869313
393856
123835
712525
174405
582852
208328
624331
887085
399906
790910
270500
240125
674290
395246
715835
576218
225945
536579
695729
486725
257937
978511
523987
501773
576923
461565
358316
727274
466493
869655
878974
194372
400411
157614
704825
519949
108930
334161
210524
416471
941083
225137
120448
977289
771589
115233
878897
748038
822836
597222
799123
596878
978123
198737
924775
388236
677556
756122
822333
834484
570866
857142
903945
513092
483425
251725
285785
734772
926941
946516
763307
219399
445263
913497
717202
605362
613941
220958
613213
618554
966326
228491
191866
924312
629787
665799
294558
789887
289178
713501
162300
195826
404185
526599
123340
154261
829735
240592
691823
110111
206863
947230
184176
282073
125369
425926
184743
159993
496364
975713
481615
536611
854550
368405
640657
365327
459921
553548
844631
768897
150001
542919
591900
511095
165648
592214
105302
608927
973734
585135
383692
429259
333180
565541
643842
242088
637251
597566
172806
682066
599268
969979
462931
830519
643699
835635
896219
432617
798610
959850
983884
473962
688179
942267
840649
580924
236668
468822
355420
244491
188659
738299
844987
430855
626150
443980
275981
907545
419433
214783
924747
229291
239849
904617
318114
424334
809946
859474
459444
844581
343298
576675
732493
556980
788858
607821
132874
240208
182124
725186
280906
666527
544733
759031
610970
731663
217071
298730
634035
714644
921765
393464
785420
525030
203491
765033
876355
774332
159913
957780
263051
519024
318640
213259
459718
641374
249022
759328
487207
268185
987139
891352
636596
613658
876616
358990
577028
372665
381953
778570
290764
892171
564860
822324
872107
241263
693329
184271
226463
923437
419003
398506
264223
540838
623408
293001
700501
243584
363787
428072
370135
711960
186734
878254
571195
884877
634757
163766
972196
452072
345596
355862
323747
544890
167286
106354
148907
440838
829149
711426
754891
658924
167822
353526
236378
399655
154206
730620
339833
178866
632200
249200
743582
500118
178414
693770
174505
424803
223867
225654
914757
537867
799130
532898
777386
108126
474161
232165
704931
276718
955850
671659
199345
304696
175663
844852
297086
263159
959653
966210
505364
132818
225433
258784
174509
206835
676502
803981
230829
555401
333197
403007
577392
434559
914563
741307
771372
353528
142849
341668
379525
209103
383284
273080
350204
989353
663308
847558
319512
802592
148426
792164
739599
336409
765761
496378
515232
414517
532455
801886
271313
648532
182368
453226
121584
613767
383563
564637
670829
377700
883175
255465
734654
612561
181747
526619
754188
212065
186753
685122
117742
788491
928957
198293
380036
697531
235567
759966
197340
808115
795153
493072
479921
400471
918894
123317
295717
275918
314671
383322
648288
546937
550816
166688
239174
763472
960475
255196
196466
396915
660716
413772
350555
858263
209224
787221
906139
803857
857203
608436
946717
255394
759657
601629
250294
317251
476325
151133
960481
822296
678960
227400
606371
702245
447865
688969
528155
746984
929469
198087
549130
401506
819783
515904
743818
609131
463628
235469
292617
220633
856581
281956
294704
220070
573916
106481
106975
891399
690239
651293
923500
184871
746148
597215
439941
399088
885564
520047
377376
295795
737596
668679
686295
466582
258245
510702
836097
905747
392880
273711
747643
418190
952369
870066
244844
369540
244932
552973
176943
437073
940766
229564
394475
322680
483376
204572
253078
571120
102845
728426
912563
716202
567188
237977
234128
718018
476269
106238
488694
897940
277020
793412
373752
836173
575894
436376
717463
649936
999341
995957
420038
748868
166515
575343
506487
797659
723252
784220
960727
884603
565293
883020
895222
234182
786387
750355
918769
750620
200296
911442
727932
509914
962509
228209
441428
116444
635625
852082
786395
207531
522198
322310
962010
451078
962867
194296
173884
995883
557976
109470
632479
964248
935776
511048
716393
176444
100685
610779
560593
446669
893712
318169
458964
838744
372930
383916
968741
984363
920760
484849
753961
431691
198687
633027
741722
958281
470293
713817
630796
943657
145905
583738
144176
629218
626627
121265
821642
574279
716140
499885
760476
429411
761838
830777
125525
355148
898678
243826
182866
750993
245496
968714
905231
311764
247267
823396
590364
956627
934758
109336
226616
630732
908355
239819
767568
307600
961913
467029
628245
626938
507645
590292
906002
264513
288281
157150
116097
345775
966551
490875
811559
923898
331022
912346
153934
223976
188745
185230
887757
814605
470216
849630
931705
298351
165484
512027
155532
275076
123574
667267
438282
645343
384502
936032
848285
294483
749144
891236
954082
235104
778772
392835
141079
426072
577422
623826
419399
643130
429000
581436
238420
790150
215681
742738
633690
742891
579582
202393
684813
517696
341867
704416
252557
382520
780091
600141
584319
368785
452967
231688
849392
461768
737777
198484
726971
353493
348625
897017
969463
456447
414239
467861
148968
400725
119447
264823
488600
773749
323669
387743
444977
597651
788207
313580
193045
780170
865732
219001
685745
780067
242311
528743
394770
672173
739847
105808
915923
106375
511144
155943
661370
576856
239899
843543
985041
571256
657580
983895
812072
585775
208625
550014
230399
202663
505608
587649
967323
458217
292717
864159
474858
564884
638901
771649
917795
275327
592896
953255
222610
385774
593257
481067
263339
143789
373158
599809
328495
220000
732310
108591
418673
396696
560328
367666
512475
511379
140197
967344
938774
142924
857224
368383
749173
392405
390982
897114
797193
807687
962735
217430
724254
116063
575721
172208
799767
129843
102094
278524
216252
103818
692178
141189
279662
658461
755645
294722
847253
164906
304448
492675
878416
374279
181729
333872
141472
227072
954440
485619
386044
900022
519224
693469
551559
531780
448090
938164
830889
252489
827196
301262
387636
733092
198591
593583
809696
940944
423929
817448
970053
182076
928467
530984
601401
864799
355445
827882
431843
515121
849578
904657
565412
175535
565828
244562
558362
566659
610576
760593
599755
764811
258534
805162
566330
976070
290632
965984
888420
946556
292906
768082
350352
527862
170513
907436
329685
735869
235019
906300
154162
571165
641684
467228
974434
289143
699998
405432
742107
772459
991212
347518
480124
319502
315447
134418
434956
370400
392699
297520
733614
619944
413815
787111
369517
678680
705735
217781
506205
864339
314947
684727
289365
388095
592279
586216
594477
989651
251074
119098
528264
806164
638841
180083
550359
301433
942853
636632
215475
604058
435596
938205
736122
546217
596986
901788
827104
776059
992909
201618
247376
943429
883008
988378
294127
972791
563296
176911
813358
872278
344818
247783
353658
475198
472008
115856
235494
817643
618389
504648
567974
390749
727219
374020
485178
799461
413984
564311
462149
842035
191634
244026
115397
680975
155717
560836
973003
128271
277278
458192
817086
957278
892117
531121
748409
521770
826221
115228
214818
590981
217467
311894
442811
716267
248937
137004
301008
493996
429768
205030
612825
383759
772760
225486
779769
612240
156722
617764
550908
420721
675594
446067
278513
795079
631013
315561
647237
880797
115378
352658
636430
278677
372141
349870
495855
825153
248595
375557
563023
213770
328501
302817
330129
553676
542432
565588
253118
161540
494133
291681
990114
607336
302716
714507
473989
382916
958622
947872
101426
773044
268230
482274
210740
284413
770598
199727
957728
379915
193799
278332
835506
958387
617023
872740
731534
585693
789536
812680
143160
767166
199441
426410
267753
209203
238232
115811
471660
784041
144108
795545
356928
247549
921381
307853
556483
311502
656797
865130
166198
294844
930687
490478
643872
821161
299029
199168
536930
743083
808590
380685
896335
800628
834640
519972
156378
509293
303731
619253
478257
382066
738859
946392
949124
132169
700204
491445
429499
104989
663426
209810
781895
507166
498151
440057
292003
669710
830328
721443
286883
155421
458844
202018
359993
890961
859835
535788
214193
126612
926068
131664
932131
272667
270137
256616
888149
157638
984032
323561
151122
989032
660762
892441
716799
484180
960400
579031
142211
967978
283226
313082
548240
442863
837950
225436
849060
140912
290215
780836
872972
216600
364499
307479
465787
266884
743188
308564
893848
636239
338380
335576
880384
820941
238117
826149
304409
724682
935088
984522
298061
366781
265160
594405
899162
820839
417938
713305
446700
403597
207124
197270
645807
482750
777117
973362
120998
883801
360238
201109
909730
453048
350302
623338
914679
901025
218685
255710
218691
626854
819693
307811
420654
843469
629868
584920
118747
725082
425395
968511
742665
387664
823798
309295
586950
969622
417000
821386
881230
936710
589513
717941
291940
443714
518242
925474
619239
641729
388097
608814
288085
860301
612348
942822
505568
238825
308393
577952
776835
504898
425614
816986
686724
742150
923091
142520
546112
604925
872449
278406
138171
270243
718248
709548
772406
704098
661499
421056
895294
831498
638968
171344
540305
203449
792736
186949
121662
148014
706547
635296
489774
911879
685291
438619
716523
930260
769079
469220
980758
164265
641950
543039
720366
451155
558144
381604
605777
932015
295090
885360
373318
962716
662555
926015
544691
442169
811936
316173
525117
619229
633387
832631
786988
664141
828533
389086
500967
285860
409673
505400
358928
230484
489430
811456
543944
231510
295163
239180
471672
111792
612945
840508
693205
488956
780595
736805
924245
655473
852625
698043
494929
620583
121524
104312
161510
837033
591433
331860
635037
442997
853740
424182
173552
575811
818890
999700
139345
676236
131590
201985
480634
208820
605721
409348
292623
485788
402562
501090
870710
215816
944773
872048
201105
145047
867549
344515
833743
981859
457333
500530
652014
165886
137005
240513
912097
101167
855586
821391
970093
210080
358616
770366
379554
760094
351023
724109
792862
841170
763682
829826
666367
421377
886223
108882
395480
600017
688989
707476
945658
148461
151403
641863
590990
207931
324189
937237
618387
484865
275666
321700
127046
395805
767170
625671
866402
691764
456927
463457
366155
268926
313379
642979
862301
266377
399753
967296
954300
188492
272251
616776
859728
763665
391812
193441
943764
851960
420672
472667
528073
282175
644283
593541
606985
988130
669153
123226
700374
316976
935664
793580
178124
486393
622567
875029
644240
914369
541577
112904
428520
403233
127443
481469
391488
892772
322976
877040
524658
363458
426160
128616
492443
261709
756663
253813
697994
156036
985823
113372
872681
606803
199945
672933
950461
391445
907838
205586
627309
171120
997095
374831
117172
254148
975065
139112
540028
378553
859248
877731
546943
669012
900895
154260
578339
564952
948425
331490
276195
908754
205114
296613
466308
526139
350806
316903
912411
320250
648612
477703
396606
982067
932804
594301
524434
333272
530596
723106
716406
861266
825903
332350
536871
823414
153749
966611
563806
394271
977386
682677
766876
306922
596319
218696
589799
398277
614487
817853
400974
363656
107251
193716
644355
351262
745810
904800
158879
313702
590581
327361
360293
603870
968387
606869
851715
144810
816556
152936
653575
981710
273686
811458
802605
277155
502691
488679
510561
793831
517383
640242
358457
396907
922113
342955
846748
858518
860622
360798
779629
251102
833616
462510
930323
396055
874185
254064
454884
672789
683372
952839
629339
538411
136314
615119
521373
750920
842736
861358
276156
355406
632841
369755
189605
970040
134110
734309
285519
896992
813395
170948
107347
339820
869278
809755
641163
177048
880102
653960
624734
166239
855316
642651
428287
102907
935894
901167
988205
428739
798186
598548
157630
430158
510588
274269
363835
422872
994093
274872
753842
805519
797969
121344
652688
565758
356402
435794
271185
215356
308804
530717
981727
294734
956170
690542
238813
316759
164814
339145
370816
133343
978149
681520
305039
878780
995039
898663
696709
373687
447138
479922
813386
325243
320395
380033
846499
215469
285725
971519
546994
995751
780098
103071
188426
764289
140548
904512
425283
652801
817576
960226
776304
834034
942791
389834
697378
888426
176562
732372
593750
899026
389039
723512
740239
355363
437524
482421
209865
941443
616609
168404
218839
258693
203298
122370
886728
313256
987614
681536
445916
214769
896185
882247
871942
201175
103804
630936
779411
633413
586255
250539
955745
434468
835046
718866
530773
990090
544696
167628
845819
254348
545798
202743
127474
970411
341561
567960
514351
429568
271776
767584
602250
952513
240278
212134
150951
123884
896753
638830
660107
870596
542913
279626
372665
519756
804789
196101
435500
626681
237974
336190
613855
255846
196526
400314
424210
665243
190801
687135
174932
149279
137022
871562
826266
895792
475767
185150
852723
589466
735736
388698
860026
952264
306183
128748
984226
804906
205726
353467
332622
628584
269984
832608
409662
775333
792681
718820
414984
783853
206991
718648
458442
188938
816908
484988
120738
104685
866105
410413
552441
471386
786040
640990
242270
612972
658260
541900
162221
250543
496011
472713
889830
394369
322602
985385
982724
159795
692718
555811
624102
578550
210670
703457
892739
417646
382802
501325
192067
773156
498764
694998
122587
875780
918072
598563
360372
169625
897566
107886
199651
232039
164279
604898
423779
331889
792834
814916
185218
206546
455625
751408
769168
556857
657174
593675
879864
250862
291279
259019
332028
972022
328138
429704
190116
157962
232203
948809
590507
312278
303537
328737
386604
713331
848385
498193
949244
441734
805898
278407
575579
735770
675351
504191
551385
164561
473746
766311
325092
673488
290060
154391
628433
934642
244972
639828
460861
754082
105977
990652
737491
448755
835224
694985
292837
368898
239770
885617
148670
860718
692793
639108
760643
647267
358431
876939
192943
852127
973863
190594
451422
884590
732670
156730
650122
953403
545196
555025
606464
488132
835196
391338
739980
433808
835310
330874
128788
400015
802378
249671
200744
791588
228823
502000
187274
759563
267295
504130
683113
232084
745467
926794
517604
170430
368693
392463
859047
535999
983848
982760
149604
427084
959562
250530
690590
496749
357710
285462
352225
132989
824767
542228
115937
828395
243224
881311
978677
786269
386164
730948
177047
478084
250228
425111
139797
996339
616902
842474
192590
589888
274953
658005
934785
368963
245726
969579
287572
571577
644810
295005
776548
154544
396957
442742
907333
699945
151058
518990
705814
264676
597001
399423
118062
762828
423153
761548
346084
175821
291769
882997
337894
560885
462378
632901
782935
254192
816803
662306
714294
668325
794613
589205
772005
254243
372670
615544
568654
246218
294898
605560
312296
266255
723219
553067
876660
944150
998926
679456
204168
195883
411356
501296
256242
578824
139167
197405
160119
376397
466872
412234
530130
865156
511277
754658
181553
470334
156481
497170
615946
801124
445371
119672
296637
396317
879031
573256
785676
607387
562967
162696
567832
315248
521539
413630
162774
402143
778232
300982
119602
381935
176459
708962
967991
298132
565381
967537
353278
660415
503629
212024
283124
806355
340070
483455
498887
543594
183341
791129
641811
429851
299303
116626
734459
488058
241618
849922
370855
702920
295634
120997
518383
521727
888326
159992
674457
521385
382328
159470
588929
447083
147437
167292
361735
384747
223064
168487
658360
169062
734722
173304
233237
135964
959728
810494
119244
856583
775957
810684
357643
984153
985098
298767
650009
830682
899534
405204
356408
469569
631261
345380
275058
706124
480960
116798
533268
125842
963626
663826
741140
977871
619726
898951
194428
814731
960552
489562
366233
424138
787653
203437
822178
738918
119837
951148
207858
616342
271057
332159
922491
460795
323808
874141
120727
128416
406310
374428
298472
760114
598105
983412
430756
808355
889372
918003
774044
833210
862094
308830
724131
390394
436776
225720
835908
720072
953172
817717
246604
192776
154545
469293
767457
760134
376529
180965
389789
490983
633494
990181
498739
504886
657600
193885
601464
136927
672679
893001
698329
354244
229964
490059
304849
656104
434144
926997
787999
535537
793463
231893
564420
923637
184935
118730
293196
309224
885656
484448
561369
242079
775857
885810
150817
411913
175062
114628
157825
334530
917352
715631
900625
301736
408693
672802
292333
148268
514980
544748
368955
786961
846127
692930
431550
117000
756339
814507
445731
903801
709769
121494
966346
707314
108821
308058
153225
162486
371639
555662
902537
432782
225535
664904
807764
232945
300858
312181
810186
606311
910909
322873
736663
342093
879762
565532
158383
104655
195181
354601
975211
271818
840952
519243
372806
728709
128687
238336
553586
637293
372820
502958
510031
312578
554493
201621
122015
855463
977546
449496
345095
784642
545722
253525
847706
177169
959872
450232
732931
509495
548685
999546
437203
304904
243447
810752
820393
441454
101068
162125
961729
682819
954092
504809
397350
690930
482700
702642
739131
279295
688664
595923
252377
156687
147807
992416
451308
227654
726788
129102
453443
761005
553744
885056
320743
683494
329699
705669
124972
719342
799217
434540
849552
458910
639291
309226
975579
711988
238771
480045
629800
508642
640174
352455
404236
190323
409299
964006
680652
401558
946945
568787
459392
523959
221683
825209
568401
818247
618454
557544
982776
177307
285873
166568
182619
247105
843984
836366
599561
654251
175151
570463
486188
859088
774524
218749
213227
236698
164137
274948
306657
895232
341585
459743
128101
851410
814187
117013
793779
384530
804641
588598
852197
314758
289470
878629
811878
361724
638449
635689
812626
521765
285482
190839
231270
513826
802154
807991
142431
590162
436776
274992
951281
340199
955303
223897
784618
226837
942013
480470
164951
704127
193716
842348
968722
551397
501183
654450
610938
495257
951039
328520
868492
717489
495945
288713
394623
318983
796383
587713
979589
321791
207148
348283
284507
593552
893571
224644
708107
955752
759301
430457
266989
523669
106572
268395
784333
941086
611239
509633
713083
539554
754616
584229
655770
410810
778186
320523
843397
178760
124917
311902
139943
493846
831070
596072
830092
459687
549309
604050
492628
957036
506133
952370
171554
547808
509461
171357
190884
741439
666447
956826
534515
143790
384338
194336
189035
698929
491663
236398
374724
280801
386585
939494
564717
596150
687298
544357
643613
502053
442015
648298
792491
860556
918807
289908
577673
451145
708022
566103
364600
419923
494882
182002
372023
734970
814555
497723
899692
353001
445501
569200
525292
598326
860841
166190
109677
468222
479337
935725
289976
996499
589512
600877
257865
692386
407085
940156
985296
488412
773520
404251
706467
887992
772125
114381
703737
155820
975177
846652
118736
852509
315274
983551
135116
127819
329384
314829
616196
223053
466327
162542
737771
155532
393422
674994
776522
357600
144924
494110
861467
551667
392689
449790
362353
602673
128803
187098
254217
954998
950009
257224
907448
296430
203368
174854
953671
199344
199083
386424
138506
681985
716507
430979
167099
787468
620676
906329
121165
144260
461498
956692
453210
789136
490799
978495
700258
489714
959777
398744
595320
163445
535441
535107
640780
696541
118610
395291
822168
740250
160563
542852
584976
965911
228541
144929
868984
559569
473381
172344
893018
803190
453172
230038
391366
432389
691829
358361
223245
456558
475118
221484
366482
903896
761252
907215
407960
114941
272616
507449
547244
972818
903560
133598
535933
170813
811916
226822
829621
503512
376542
421892
339845
439008
380963
752594
542740
885306
520634
860186
949424
745562
937866
637655
525246
619915
500607
753451
941995
610979
580672
274436
789541
368151
299161
506490
424041
309550
803370
651382
243227
536290
215887
846608
659519
928427
577965
831371
405380
393676
427830
984036
583674
660021
780906
840338
118891
860630
880223
408522
557077
942708
313025
983646
359300
217300
314003
401941
922456
500965
991215
264452
917647
866621
203438
125245
883934
172708
947154
849993
504313
598947
886590
418745
482339
760712
669205
618726
585197
179766
447990
938727
315205
528179
367572
486794
323596
956198
209617
308838
330524
837984
435128
638148
632271
728997
960377
497288
365384
128485
385478
300351
634941
389757
598485
349226
197388
270553
838623
818758
269907
250804
960671
675764
735990
535386
229657
636508
906908
580791
885802
141412
510486
854121
923195
137709
478705
514715
648948
438408
900515
383814
640679
690573
610647
872351
588277
983018
338066
665207
521587
501848
509682
783599
732410
139537
888145
492836
216977
676899
668739
470144
327227
318101
368528
742919
235173
850981
268540
544625
944349
260617
435595
735512
444798
578813
373629
701084
141609
519948
187876
330601
497582
217963
154500
242117
364809
231680
725344
978214
786201
751232
338549
162679
795162
479277
433919
601939
634076
174037
299561
869615
499588
368778
387102
600669
452738
707302
971205
163278
266555
294611
775939
114470
519990
732289
414343
413672
774202
286923
522433
924078
156310
420874
749035
432886
370439
537218
989751
891397
282007
214599
536770
198875
874464
327386
394802
822414
251624
921575
804739
865776
722406
313741
343285
719234
109380
857069
574948
137018
108255
785365
637837
113474
684307
127791
760385
536765
253646
821932
788428
566476
900282
956369
958533
280130
903996
542229
857262
741001
214470
797731
127171
940063
409959
538370
303668
665862
572595
347340
126759
867193
182208
340101
577465
772406
674145
988135
240341
922766
142802
447454
880651
383262
408318
102708
294358
954474
432635
488816
461870
945954
560966
448183
556183
595406
774321
796961
688864
545888
813504
581904
572566
757650
870208
300300
719060
367562
666977
100230
985163
926800
885496
441077
771826
338903
870851
717066
506881
206196
750795
531850
925378
541499
698120
177918
724017
323359
299837
133896
326496
804167
717285
812668
791499
348360
635324
638788
407258
844777
664223
282113
714833
978758
845432
140246
231296
554001
612886
840094
912585
408717
969355
469828
813649
314344
525244
633780
809404
718901
601572
582182
448802
522475
120157
516463
610393
153279
488027
796976
893676
712859
520794
975830
628476
479058
667618
229474
567252
281958
724620
162818
319062
270223
219599
657290
557948
323646
662573
962480
875749
731715
119194
200174
376813
858249
242553
867648
685367
854237
536953
423876
765592
593566
149241
950316
997356
777180
850375
392368
879259
965057
322857
571535
973831
442062
238414
999853
215890
282829
601197
668218
147592
434889
906611
948976
217839
207769
465557
883233
322704
227405
453230
849654
984321
981926
238397
724833
806507
764691
883964
581053
788613
344816
905599
651689
665631
582658
700219
239698
650928
205820
192524
113738
170532
453470
675062
747952
608222
358071
337476
851290
956337
682513
474890
588273
867524
878283
166258
486063
845814
732144
350202
137940
318993
308654
103676
682112
901915
878330
342572
107927
872371
190071
593487
600111
993053
515226
473935
681294
548802
550857
487238
419166
582663
629327
692153
756558
210019
262877
293583
360046
359980
649333
752371
643227
327904
806020
981916
124122
407098
489970
537619
308080
697823
919193
642072
514142
933741
191715
815836
242269
457179
784784
691358
590852
210259
287842
455288
823264
420102
849721
522389
861165
134917
556712
393729
138803
431216
589651
194798
368194
958638
844855
677852
705734
245353
774423
136049
646387
133810
159222
380479
988198
110724
855489
992950
695786
392767
380726
176316
790247
186917
375723
830112
270232
156823
236103
691950
723816
311834
691477
996642
409938
888828
931309
834601
602781
996866
221108
916255
227151
872287
657637
734171
710064
706946
543421
770701
691495
672359
126567
918105
464807
824933
211078
823621
374761
866613
153886
906675
950028
932343
135261
336430
523745
969076
652059
318133
475831
721191
200868
785331
123711
127498
868172
878254
923653
341903
331499
731895
553152
496287
592515
101105
934261
891186
115885
426884
559401
857770
141453
998233
613314
112847
914686
406353
206432
505165
653873
892682
867737
198858
163084
365659
790748
968509
993694
566728
800276
527555
570532
551811
762710
901298
283657
939517
250060
215208
418134
614528
105789
335374
643451
877513
838213
540796
731617
757308
130507
507182
323204
513260
654233
280361
795685
560453
119049
661029
212898
756783
756394
438413
845583
556457
691932
566812
902942
974366
442742
187804
968157
731328
387368
842496
849013
605068
897277
153009
189865
935520
536017
756982
404948
658054
998310
608866
211075
900751
796158
921665
951671
220778
208606
994409
484821
101563
935058
700580
142473
947509
147994
813050
862158
932668
147890
428438
278535
944764
498632
401720
285571
392982
877338
224343
596457
797212
878228
350904
812755
303568
558161
543051
585373
338027
939223
322673
579245
302569
280488
939944
515480
818148
907259
790579
696334
342183
346669
518732
863082
769446
873654
696828
392584
625586
939194
482058
822210
406109
807162
135697
404346
643144
769156
633850
374839
523662
982072
708841
287646
632486
963100
711675
767156
249595
240130
418743
924224
194391
466990
738961
810155
374540
557519
605402
325819
750932
188666
274011
145892
361283
898061
508885
421400
373191
833233
592952
606697
246225
369502
763590
559813
874598
663720
566475
315562
599930
872064
133762
124207
853963
942433
490934
726551
653848
955215
742549
404644
542676
442089
830689
581407
532439
447694
962911
137538
998408
210048
908829
791838
806577
681388
105563
358652
987090
307472
263696
222151
805037
754105
798040
436661
170337
246181
404413
930370
291153
634994
714269
501025
972139
462461
994546
607547
507210
590275
309978
468454
170160
296735
853517
295106
985002
408710
175045
702292
600824
979314
109605
688659
252611
758771
376274
468027
306562
833802
144650
500847
902222
